498
17943
45048
45213
27401
47103
69045
28839
78547
30953
23389
25777
52687
2833
59652
47169
64312
26288
44723
26110
30485
76136
75882
41045
46105
60515
7420
73789
75751
43873
8805
61052
11346
48790
56619
52199
18144
56827
44792
27814
12099
6286
24268
55760
65860
66698
33693
60882
69835
51752
58581
388
12172
62477
38895
18187
76754
41592
72069
47312
36634
46270
2388
30343
24906
64218
34893
6513
43628
66403
5217
74798
38260
52967
73861
38573
62730
40134
58665
7726
31723
77696
48177
34700
34322
53582
5829
22323
18472
4519
22557
37567
10680
4195
76155
11958
25999
6804
73637
49050
77270
57364
21533
45819
17180
17920
36981
7790
43675
42279
14946
54571
20890
51304
32281
24979
28810
35223
18110
37312
44430
28306
24346
4053
47721
4240
15599
78388
59045
4218
22724
19677
45505
33736
10198
44284
69358
15138
6481
72778
46412
27659
63597
13869
62664
46261
50887
32266
35918
62851
18295
77129
31180
48746
77282
36003
32319
47215
51714
50263
11658
57611
20903
46520
60824
9748
22708
24344
21598
53329
8798
3083
55128
56680
68632
52744
8026
32323
47751
79650
71803
17553
38466
43832
1585
7327
74603
10421
69953
27049
20113
49098
9556
35024
29151
56287
61634
56305
27727
43046
28796
22864
76091
51184
58407
23406
59613
22240
54314
70386
27551
19300
13367
61241
26935
32594
3684
6151
39945
24541
2517
16970
44660
36506
12834
5618
44073
20057
35505
33406
47579
4908
45921
24467
68808
6591
60292
63189
59797
55711
68165
48105
73445
29109
72792
6088
25834
2919
26420
40279
28124
7700
19441
47409
18601
42897
15345
28753
48987
41212
900
10744
52807
7455
40543
46597
76751
58172
49141
19043
48236
51891
13077
18317
60471
31551
51593
18083
60734
27436
43691
19592
37841
7525
53449
4294
32896
31291
24785
72673
73104
8414
59528
62930
16597
38790
50623
74085
69573
67566
4427
41762
34710
67996
43153
65469
21742
53178
72334
33700
3222
46389
67370
73641
50419
68648
75419
47563
34188
16771
23788
19034
47642
24910
34846
17091
75114
9984
29897
79976
75302
59898
28228
13360
66102
56668
9473
26762
23100
37890
74142
47814
37979
21244
9484
62785
22738
40650
69818
52181
54194
5872
26850
70161
73731
30019
73085
15262
6499
63710
36182
77855
48849
74268
4100
12315
75346
35992
64975
68721
32608
22963
52757
70910
26208
10040
22997
18059
2947
42249
22016
32217
22422
40985
78153
72153
4200
3945
65958
72596
12144
9697
78821
23586
62595
19654
36247
30314
31569
65562
34600
72919
48575
13679
41575
37705
35924
37600
56118
3305
51291
11582
77653
44271
68247
76972
45543
72918
21312
42019
20788
20689
21282
2043
6208
12278
63958
55677
60198
60989
46554
71754
12603
15337
10671
33760
1701
29974
65612
50742
55945
59001
44075
41662
24499
14982
27089
36683
72897
28572
13163
5861
15850
5663
60297
54946
27812
9175
38418
48335
38477
77806
68210
76860
59868
39414
23121
35799
53640
66258
78034
35673
79383
47887
68843
49435
31712
37012
32256
68305
15412
35594
49728
42719
53501
77974
65081
22195
2179
38311
26140
57874
10357
70696
36801
2834
42731
13737
66996
