27995
39886
60016
26028
59818
26777
56669
8618
45183
74343
20845
60842
41960
42734
30256
7036
39908
9099
6444
3079
64480
5278
31958
69803
60896
74268
23882
20426
21953
48538
2722
30570
30300
12125
2355
67312
34664
25819
22286
40900
77489
35403
43804
60913
35189
25087
56139
21075
58903
56400
46705
47105
36784
63169
67836
6635
40064
66229
31155
4148
35111
79794
9801
49978
60368
23061
36577
35590
70984
68906
49659
57882
61783
75651
58051
63354
20359
17994
6021
7855
27468
9177
3242
31572
63380
25927
4012
35939
4514
67229
54831
76248
70747
10350
36301
27305
25360
77870
69653
62012
52490
51650
5363
4531
11780
674
58426
50317
10035
39463
11075
17919
32991
52928
79864
29200
41473
57859
29107
19296
29748
42933
4228
22664
57776
74527
71044
67826
42606
78854
17570
42506
21015
60505
28482
28695
74515
33852
67979
32442
36986
44867
70059
52038
62181
35070
46889
45280
46667
27757
73032
44230
24649
5432
64333
75381
42216
73492
35279
44187
45995
9507
20388
42175
51888
22358
22670
79970
53818
47731
50138
29690
48604
51086
9841
5655
59611
48812
22772
79291
71888
71428
37387
53199
9197
19800
29673
44775
45592
54091
64726
7573
9572
20074
7832
27526
44694
63078
42806
73539
34946
18777
37489
36158
6141
74484
61004
5077
49793
14081
40868
67752
43117
18559
36217
55853
19602
9020
16506
73703
77275
7970
2600
64637
12087
17499
66285
19057
49356
15372
7096
9610
32937
61395
12148
53354
16753
58797
30430
16999
48186
60268
502
56043
783
8120
72623
21828
77052
77941
46132
28153
61888
21394
17549
50349
33946
77159
7223
45799
36240
79453
62593
65752
7529
49862
11093
20306
40089
46557
36515
31717
60696
5028
54170
62386
73877
48690
77651
54158
29472
37726
23715
42670
42855
25432
27809
19940
57055
38566
38641
78393
53445
708
70676
24541
24073
16891
11926
68022
65954
15592
64688
34944
8139
16475
35465
46198
52108
27734
2986
59275
5402
77070
73056
67537
19469
46510
32062
13748
27051
27511
21928
19397
38365
49627
46702
50044
74158
33358
59435
64162
21316
74142
58807
14223
70076
44678
16217
61692
23094
65595
40934
23951
18763
719
33934
74188
34288
50140
25652
16404
67320
27349
29564
29813
16484
70670
17036
41641
36282
18961
47656
22780
40375
45911
63343
54125
53907
26240
53994
46846
69287
35083
19346
36710
33867
31488
21788
70003
61641
26102
20386
9514
76125
79357
54998
51783
28707
33772
8501
15209
56499
8710
68306
56871
16845
71950
347
34843
4964
53308
54690
55694
64683
17624
34960
2054
55645
73362
78030
32678
39368
40651
50107
60128
6765
53922
47904
18578
28518
26027
71605
47823
26903
79571
31809
13775
57308
6425
10708
60113
63292
54389
70959
22676
68737
36821
11800
77024
69807
53364
55757
52565
32654
34964
38325
21892
19282
25670
36076
57658
79582
57368
36572
4538
45383
23497
46960
3189
5715
21535
45685
67205
49629
35770
42601
42683
21405
37187
70149
60569
5759
74171
65881
44792
47913
36874
41716
74935
15948
44583
12771
11840
33757
74130
67713
38631
22866
25402
59493
79669
41802
48466
24778
35041
57807
13662
15605
13792
39404
9169
64589
51063
20234
32160
34459
14701
79555
73803
5178
40069
4046
21994
34978
37131
46482
2268
59399
42619
65314
11727
47196
79281
1155
78691
78439
62817
6288
21889
60448
15561
70628
58342
76375
75035
55392
56542
27110
75991
40414
75216
77373
46026
77089
66161
39682
49019
63319
24785
63496
35300
78170
79587
919
13338
76363
4033
62339
1225
335
11114
47102
48424
6139
73767
8827
58884
72299
8474
61028
36638
12954
47132
53482
41392
21650
11202
33629
55221
2325
74280
55459
36597
21408
44889
25900
35904
49900
48188
61792
48286
2546
65230
44910
33116
48046
62942
25820
23471
19851
50321
9162
2959
4467
47461
58428
72987
31538
34402
27567
50607
6208
79745
39354
61597
59449
65082
76389
23486
33301
15151
21748
44081
79151
34354
30298
4654
25952
73080
60460
69515
1603
23465
69002
50952
65994
76291
25482
33930
11666
11611
15507
9102
14045
77128
23795
77943
36932
26445
43373
38096
40796
3378
62546
30344
3771
60534
34478
68108
306
4718
54654
71176
7632
13575
36087
77445
7692
27678
65096
78217
49933
23069
32363
46497
14262
1800
29453
46755
26762
35864
35938
58365
65132
32184
38213
38694
60078
20625
47087
8000
60983
68089
63068
24601
60694
50575
70334
14876
40244
20112
66249
39270
57194
36873
13590
73388
46387
21816
3334
33874
34141
63233
29495
11834
51153
18350
63494
22477
125
63377
8115
42094
22386
26851
7543
10317
78123
27030
79152
19299
54224
11713
25919
55889
60533
16053
72782
50680
69200
51971
73143
46088
41611
9095
64278
70437
4421
52262
61019
41349
76581
68160
45469
26507
69511
36362
61448
40669
75958
71835
78996
19887
79871
44777
66165
62487
9917
34922
71299
77126
27116
64999
63704
24349
4630
36283
58788
69291
43055
28670
53993
66471
41961
48175
9744
6104
57753
38877
10961
8529
4992
16561
74882
19192
36758
23976
2921
57150
55218
66272
18726
79556
45979
59584
57593
37742
69075
34777
37717
64943
36732
11537
28501
49881
62801
32934
31814
60765
48081
4194
4787
20957
27638
60808
6173
49632
70698
39689
54669
10312
7138
72377
70189
35813
13419
59084
51966
44587
57989
11693
3366
54258
10008
25988
66945
35891
57079
61953
48736
2525
29844
42192
13887
61405
40229
39814
3171
15101
62104
74052
23247
15627
2292
13555
8535
28524
32865
39181
67995
65341
53086
65759
38366
35000
20571
20881
24214
54074
60897
49764
18135
73462
68832
31842
7662
58769
64353
48202
34813
15582
5171
26206
27636
29069
78028
35501
67395
60656
54293
22217
53940
1287
52819
66679
65416
48144
57595
4453
60942
73478
64460
70871
6606
23425
63987
79981
25317
51425
44768
6413
933
63660
12945
3944
5836
29091
76449
56758
22203
46983
25781
78664
23370
60634
40135
73924
29804
48410
35978
64090
38899
60491
9907
1534
19850
21655
64939
64518
63994
9153
12321
41912
13073
32063
32964
22963
53966
14559
75672
66915
12424
24152
46690
27665
43513
18408
24851
40204
49402
44619
38442
18568
76315
76674
21854
7657
58597
79063
74719
9442
25108
27157
9678
64398
5809
24389
14172
60530
69201
27972
29309
19977
23274
36288
79924
33255
66512
58061
34087
5706
64402
69593
66476
40322
34565
46518
23309
79271
43298
32931
297
3244
72585
19126
59874
16426
1292
28034
28361
31563
25534
9523
16765
34067
36214
39229
68823
79273
12994
78674
4052
1593
10176
34758
13242
49254
11818
35396
47062
27657
6468
11496
66309
9072
10381
24880
3556
29396
21948
35303
72832
48481
34956
24819
60657
20645
38670
8732
10470
32365
8561
50951
79524
11986
31233
30925
14455
25461
39903
1637
64555
48606
263
43213
10150
29780
42206
15732
18424
60199
28537
63705
61434
38185
55272
70552
60506
24641
53225
25990
27146
4776
40016
67274
50398
30595
37538
1328
43762
53129
19015
36431
67827
33814
32543
15517
63883
75275
65814
64138
6314
47496
49369
75162
73942
10839
2703
39337
57980
13681
55793
2379
34069
13154
79659
21932
35520
11451
39284
56639
54238
19039
36181
32619
43869
14678
16827
12795
17258
23395
18348
49057
33978
25274
61839
20181
63772
22534
26623
41291
21600
36526
40988
57466
77876
69715
12943
42500
23300
29915
69182
62003
4532
22134
60502
20742
43478
50604
15426
25910
37342
70830
46715
3791
63944
48776
39240
11027
62672
53816
60520
38354
45794
57405
33363
31111
29666
48224
58560
8642
67658
1697
32646
7981
4645
42912
71247
71811
78306
74003
40600
5769
43076
63922
51640
49314
20892
22954
53311
46863
79159
47698
10152
22885
65685
45105
76566
58121
77556
36109
77384
48820
49869
382
60624
45755
20990
59880
57023
76411
65807
45978
47213
46155
8935
36869
49367
23995
62629
64454
73405
52945
48242
47226
8871
52853
27348
72822
17567
74104
69498
16770
77414
65305
41446
56480
52291
34225
57609
50257
8341
27650
32878
65930
71583
78372
42917
24960
69074
42735
17064
58971
12980
38968
40921
22917
60000
21030
60895
53363
19294
43421
23123
45713
46927
76451
33512
52025
41686
48185
36466
22675
36437
57624
18656
70097
66044
47038
9455
54476
47671
14912
12315
74507
54947
38661
74537
46065
34605
72138
78475
76385
61114
64381
23541
56159
19424
5725
19746
1607
52304
71430
78946
26072
63529
32398
53561
28782
38719
30551
31421
9757
43917
24078
41705
56728
31008
64242
76342
35116
25556
66882
66766
1514
75664
45392
43617
12061
58084
46611
73789
35509
18247
19438
62133
26392
44100
27543
41062
40465
54334
12966
30196
15572
62
6891
29926
11681
9632
1337
26916
849
48460
70228
9495
27598
41900
6812
11614
18625
78755
10642
36950
51382
47424
25544
23298
34455
24160
28578
13559
31425
60781
1654
13554
59324
67272
40341
67891
48453
64911
42217
55983
68778
42893
33734
8495
63301
18186
54093
219
15661
46050
70113
72180
51535
9883
78100
53035
62587
6693
24686
31668
35434
55956
52842
42191
45474
13124
55164
32053
7609
18400
14787
613
41869
58679
70026
48151
72616
34392
72228
53330
43779
29129
66553
15241
37289
4702
14549
71258
66119
65448
58199
21517
69545
74555
28526
62112
20978
40259
28033
1284
16486
59058
49976
77955
33180
55025
12897
12485
48632
61336
60873
47982
9506
35330
15599
18952
32562
13679
73531
55761
49188
75945
63879
102
22508
19468
31627
43031
855
37146
58348
40139
32623
49015
12521
35209
45026
52064
51479
25738
69889
43397
44396
35771
39609
18442
77770
59936
66674
1348
14210
21499
72168
29254
67050
8028
62805
41272
56376
77960
49068
17277
63717
12606
69732
79632
74274
48461
75232
10414
37679
46617
2011
15902
40660
76068
14947
43962
38783
1401
9260
17169
43226
55622
74769
45802
66226
46521
32149
61964
74300
23729
14108
6837
46112
4337
8718
34187
70392
72803
68380
13818
64671
20496
35219
74793
55379
66887
62458
58322
10759
27064
32590
46165
68590
41453
75532
35736
35233
546
677
59829
21248
41038
32393
66324
33733
53663
78991
61923
75139
70531
51741
52157
79
5315
36351
29015
63237
46190
72619
20736
56037
42308
6799
51853
19026
32653
60684
65105
2462
63433
23273
19117
3208
50180
51432
31863
69472
36456
73519
35026
66037
43416
65502
68632
38689
20296
45197
13643
47001
18969
36913
30159
23045
45877
56684
1999
59330
53829
41996
60568
44776
27483
44881
15916
34715
46060
27077
58629
41922
6953
54968
30675
62846
44491
7136
27464
1023
36513
68332
76953
57370
25754
9298
36955
15793
21390
71173
66908
19326
77580
4454
59644
28057
14783
38847
73045
78441
32331
64884
25466
13215
18941
57803
62665
22736
20940
47497
20842
60900
64995
50360
25918
71812
38542
18393
6334
7795
64564
42852
55464
45559
6495
34729
27354
833
48106
74172
27368
46554
36675
66786
79572
3956
76831
48628
45489
18876
15609
18668
56597
48311
27282
37699
11259
35776
49469
24396
64653
68498
49902
13397
39673
65337
33831
47878
34520
74145
37327
47084
28356
65412
22576
18523
37504
6871
20713
619
66193
32303
69465
64389
30641
1750
32977
64362
15134
54967
64871
56673
35972
22943
49822
45854
22817
54517
8996
50369
56152
55619
12729
20655
16616
63100
41280
55062
72609
40151
43613
78740
53939
75919
36616
59919
8872
78362
28066
14570
26993
63405
47080
59811
33645
23124
12598
1407
14141
10664
63220
32081
11033
33254
71318
10769
71725
61645
71000
58668
63762
40920
843
78224
43545
52542
50346
4437
70154
62908
12658
9005
27095
63189
5433
807
23437
69652
38298
62848
23367
55144
9346
22013
69473
31038
33470
2767
19801
56535
65265
44689
9685
12838
35254
77603
70342
43010
18390
40539
79068
68589
6362
5213
74350
74404
32886
50970
31901
5240
29979
51576
15050
40360
75138
45234
10335
14730
1105
20611
18632
15203
31290
52504
35460
11028
63238
42985
26194
14340
27085
38880
12349
79299
34637
18908
39175
66325
58210
11190
57679
51952
42295
67892
57861
79226
9436
77761
15980
2830
14555
65432
43259
50811
37287
56521
18705
65945
8673
7778
2694
10594
57627
28421
47887
55160
27554
14469
56755
65559
9447
59791
21503
56544
34008
43056
77029
8508
9221
76421
11808
76883
2495
44090
10909
38088
67014
51125
78198
21726
51333
55155
38796
44031
70371
9113
77700
53108
21305
35746
65776
44193
77823
2007
3638
24487
35728
70139