58463
44962
65205
11766
72424
70481
7858
50271
12675
49568
60830
77425
21785
66154
32628
14260
10841
23813
79920
51205
75303
19537
50716
43586
48605
76977
43373
72049
54823
44795
66942
6255
509
62478
50725
11860
40205
44840
34105
55588
75079
54899
28751
2122
244
63415
33987
17414
77293
54708
19914
63858
26922
54902
30960
17325
3829
70834
68175
40947
75069
7617
21930
49698
17760
44
12396
63905
55631
46384
40010
32800
15679
24120
11989
2519
30503
50733
8902
46438
46443
9063
2724
22700
5354
21159
50647
2644
39591
4276
28732
53811
48858
41571
64936
77641
67471
69374
28452
37271
15465
2528
23458
23945
5889
12873
29949
6465
23472
55712
75692
3672
60615
72601
34750
45992
4282
27961
39907
44346
3142
21114
72657
67617
11330
62413
57796
51603
42480
64604
40975
54540
47360
20008
31998
7042
12804
6346
79742
66695
17216
19474
16748
51746
12597
29344
25076
37832
55606
72859
37667
23899
49893
63744
76347
44433
57140
24054
2280
43685
34755
43263
71308
41596
74788
15534
4174
70870
24161
20288
922
70094
57700
43223
8738
33850
78358
62033
70894
69900
9667
73314
39606
40282
10016
54276
6632
19159
52676
32983
71664
59378
30949
44358
78853
54923
72210
5334
75758
77460
23153
63951
34879
35349
77912
24980
65203
60938
17812
27940
50627
74883
68542
52300
55054
10444
41661
18228
1868
11848
2378
30767
52701
11275
44700
10971
48690
10266
65599
40762
34792
3585
33036
62637
29377
10194
64842
51105
45280
33114
62496
73252
78750
3740
14085
50057
39378
55157
32867
32973
70195
15704
46640
12467
68510
38739
58864
78998
48066
38125
41472
43194
45439
72151
73664
60838
60062
19397
63984
62636
33972
45562
50533
3830
65137
58816
9819
27927
30094
64380
3764
52311
72212
55444
11005
51539
43833
45407
23608
29489
21945
46424
48206
14804
43056
76456
50977
7477
67355
16253
9693
15991
15488
26934
40956
40621
60391
21875
64785
9709
60128
13247
23003
51195
12918
21068
30136
20427
25367
36413
11140
44094
67852
66443
43936
34127
52626
9377
23289
39928
67535
30133
15227
56699
24806
40316
4906
1664
21032
9644
51486
25812
24755
77269
22697
17682
23932
55185
68026
23405
60226
9019
8377
17602
60057
32462
26385
29337
11190
69045
64094
79523
79247
68212
29419
9300
61357
34088
72173
1991
48386
43860
11844
24631
71343
55398
8552
78328
29399
16357
55940
34745
69066
54951
31249
54405
24356
15502
13619
76005
25675
60127
45779
24324
36591
57672
24015
54068
59174
59302
28238
14057
10169
73096
70850
65713
14418
63632
15475
47379
62228
6859
26260
1156
56731
938
69873
32277
16698
61429
60540
19927
62523
38008
15698
61128
52524
13995
63769
43796
52810
2767
49272
511
66365
36187
11909
67759
13401
48979
34179
53337
21730
28686
47319
35671
17481
52621
10601
9140
13195
67549
25258
79048
28570
10143
44624
37698
33484
43317
24320
20713
76705
2551
2310
65654
7881
70899
35643
72853
8833
61973
60992
31804
743
5346
60634
54816
7862
57023
54699
918
25768
34416
603
67075
2391
2645
67291
19594
35154
51156
24857
73666
73253
41529
79077
5029