77938
53185
15181
15989
43340
10877
51655
38714
16845
59742
60825
61377
42446
17339
20153
50004
73052
27603
60818
26203
11878
60336
40471
4133
56208
37045
34583
2281
31687
25445
24540
54327
14717
54140
50328
65257
556
8867
20608
10040
12880
56973
64614
41038
74393
58911
10777
37408
50341
64118
17837
69435
36746
66814
32840
79536
71863
47969
65363
19587
33534
53365
37509
62575
57237
32867
55427
20455
19188
15550
26099
59221
29799
65769
21124
19928
18036
20457
14187
77112
55300
78071
47430
3685
5451
41343
56942
42804
3062
38070
6183
76242
64927
71047
35813
4460
58619
1023
34257
66592
6267
51307
14925
42080
53020
45475
48127
55133
53787
50691
17
57104
44452
50626
35166
52482
44816
50734
6331
39969
48653
7767
79199
53117
22030
20239
23390
55988
30608
23353
523
77468
34515
6874
64721
6457
42070
73883
78899
25182
4163
54812
56718
28174
63729
50324
73121
35225
616
17544
11619
13585
78101
77710
3033
21126
71974
68163
39507
44986
11658
57932
38990
7757
42957
38767
63055
3070
61751
51369
59662
21339
59847
79282
17531
45073
13589
19358
50250
63600
76656
5928
25469
56468
21665
34757
22215
57216
79657
69251
7819
28897
31738
3475
26863
55804
79643
75077
79484
61832
26220
1180
57076
31672
57185
34945
40998
55386
39011
29903
21257
27805
79204
61508
77120
78568
62908
58353
32317
75878
62392
13577
13770
26280
56054
71603
11195
13511
53317
51907
9579
54424
2624
45094
64069
30380
38632
64877
78058
73884
19493
19254
38311
29515
47899
53069
53399
69016
71849
43392
79721
34697
48822
33072
79973
48798
10689
73966
46192
57960
72614
61182
54723
12263
53099
14285
26910
33782
28090
58962
3129
53978
32468
61977
43244
16626
13031
6450
27164
10896
1216
29378
68016
55406
43014
76751
59038
66881
26123
27080
31976
64711
10459
77574
59961
35858
36079
54840
53371
56883
76316
73738
75620
9405
78767
73214
32753
37749
21231
22113
6053
34829
54928
4150
23306
67003
28459
21938
56815
16566
31173
25704
32017
13000
79375
21000
64735
79410
35772
4943
73456
7594
34913
25489
17181
70616
28144
36093
63417
74543
17973
63789
161
52823
6355
3512
63584
52983
52224
71949
48262
50618
69820
19677
42754
26464
47027
52667
38152
25586
6428
74237
24669
526
61576
21444
76018
46438
49358
18227
5252
11901
13348
51693
77445
18744
17063
63302
33301
77330
20123
36205
58754
51447
34270
22846
65943
19364
34542
8561
55974
36042
4043
22497
25397
56964
10430
3767
67700
7166
1638
38711
63717
23545
13411
6033
53950
10895
11505
65930
75585
13124
840
23540
78994
66557
41469
22465
68274
79645
54604
63581
75039
65234
30374
21605
54833
32489
1164
69815
39762
13249
52896
30098
15385
64320
77024
51453
77354
64636
36830
65189
64020
29957
28044
76628
33491
29674
63420
8361
68246
38751
41909
78404
50975
73146
23581
31311
31053
75605
62164
36451
57081
1255
76343
29588
35365
77150
40586
71489
69366
55520
953
36258
36603
41321
4822
67238
49227
5555
65017
30381
53159
5922
63279
50402
70370
15595
76633
51897
51517
20753
79568
7022
72544
76480
79948
8966
5901
42992
6121
21245
36438
6538
22381
30960
43467
60966
27986
26608
41000
1146
55964
78092
49440
76449
32831
30806
34585
14840
39615
73585
14309
64183
54167
22412
41779
40180
2072
2998
5998
33703
36083
43853
31017
72025
7970
31793
61914
27960
27997
42890
68354
74162
60779
2687
50390
25317
9640
56519
30990
20845
13383
67658
18848
25809
18720
62078
8984
46705
19743
63798
3587
79870
14480
27680
22881
19205
53540
38578
48853
2607
72426
13738
9230
77734
52639
52178
52096
43930
77423
58781
3517
48855
3182
68928
12052
62957
66591
78117
77718
53744
18861
77713
70883
54442
4008
28057
46978
14054
52126
47565
52527
76279
65091
36907
33668
65908
56565
32845
58498
25217
46148
37085
74034
58082
29086
61853
75087
37357
52774
9032
19427
40438
46885
46576
31085
55939
20006
69172
79749
41364
35495
42658
57794
57466
26105
43531
16813
13444
38916
70174
7539
21289
57646
21223
45989
29290
63821
63442
75656
74788
23533
27825
20541
48008
63691
73703
33760
4300
27085
19521
74335
15441
14193
68812
5358
11033
70369
77261
70917
6429
14269
60304
53974
69321
40086
33165
25781
47459
12945
71895
57470
78290
70689
28626
63058
75987
14353
21609
1655
3909
8048
36474
3038
10510
61496
9787
29926
54534
72015
23241
66534
2449
49534
29902
70243
43524
15269
50066
19904
6074
76266
53186
32565
33763
6432
51026
49008
23336
3660
67275
61816
46638
50763
68780
59928
32750
19354
34120
69757
62524
21272
7355
53785
25713
22229
61288
5473
62854
44889
48834
11342
23441
55613
27525
30262
19317
1934
65646
31407
57089
19349
5196
71588
40316
71672
23647
12898
53032
68566
22548
64120
55202
9793
16776
27959
68247
58944
19733
28666
70547
76626
77105
7091
62997
60571
10820
30867
37716
71996
47308
16540
49351
24067
72679
26515
23890
62937
34861
58824
53325
42776
75355
22473
25108
6814
79107
9912
61543
66739
31827
18295
75741
60762
72558
68913
21360
57353
16808
41494
78829
51684
28462
54847
26189
38942
57692
6806
47433
19748
16497
68924
27857
56912
38465
35301
50736
50790
60376
7735
50188
71598
51252
26799
75210
29923
36232
35821
37043
38270
44281
77748
3105
17161
36710
26810
26085
44233
64546
69596
51615
18446
76840
63622
73325
36210
19964
31417
74398
12190
8187
62105
49907
33223
9509
3883
17335
2676
62414
9101
39951
3055
24205
24967
48688
34182
65286
15017
35358
68323
54370
51599
56113
71692
37630
43138
54217
50089
33421
53416
64777
25620
44455
25160
32524
18561
75682
45194
7008
15192
78588
73446
69984
74715
14156
15886
70678
74397
2418
74088
48415
67910
62932
27244
39670
23436
71420
26913
16522
2353
52346
12818
79178
50254
39784
21049
66631
43028
19324
20140
59506
17289
45617
49757
13078
79823
2669
49696
34824
74200
24812
50575
24643
29180
30168
45537
18511
22625
70555
17675
70517
19143
46048
33605
6201
75035
15440
37323
78000
8223
47698
46111
12345
45166
62901
59436
54611
46268
48048
26508
18799
14265
17591
62017
28496
46016
26191
74355
23242
11919
18682
23777
72406
33315
3853
17612
20847
42510
26821
62890
25193
53203
26064
63591
13508
2352
61432
63317
196
34622
43152
33900
6521
35426
64685
8922
56796
63033
12329
71435
77082
58263
3068
34219
36259
77022
56189
35051
75715
53138
30148
65861
77106
46562
23906
64321
35738
77674
29046
31153
21205
37192
72629
74618
24439
6171
59859
27153
3746
18165
60403
46353
8072
78698
57388
53815
10664
50439
8217
60874
15036
52200
42862
30111
40811
21028
45674
48361
38148
71542
24771
61410
48538
53935
15391
76193
15270
50701
77714
75833
43185
44840
43598
53651
32677
24531
37552
26725
13332
10107
18146
57457
67241
66485
34068
35532
8206
25121
27467
48838
27167
56483
61359
41366
36356
7612
68680
75957
40621
72010
79654
77281
54553
72822
687
45763
79194
67259
60576
77208
43048
62289
33963
33544
30553
49373
47353
52348
43268
3740
44150
8737
79123
36006
67183
53721
33695
66269
6586
8908
1373
39531
42023
64206
50132
36597
78679
68049
29847
13822
29562
64703
38315
9841
52444
6642
78932
54602
21895
74205
42434
39834
64468
20308
76643
39691
59984
60871
48223
33679
70104
13498
10011
12029
1605
30339
45314
23030
47242
54973
22798
56384
726
55840
45287
27180
72484
19486
53481
65809
28167
36679
53845
59600
13157
79723
21885
13040
165
48111
14536
48440
79735
2386
39292
60629
63672
51033
59995
44393
42032
7751
34707
79435
263
9407
65280
72868
44289
9228
61669
52
77915
49729
70803
43419
45192
69407
71230
10101
41975
37625
73258
18136
64744
43323
45528
67354
56268
28858
52951
3337
79670
45070
75704
10446
44603
69594
73505
47464
28800
20972
52846
51600
7177
66731
2529
10540
16455
14608
52017
49700
3122
53723
73323
66615
75156
72128
28878
24367
37730
58975
24253
2240
41275
6708
960
190
27730
36249
23951
21248
15264
45605
55083
37862
42366
59326
14591
59501
37188
31670
72623
79851
22727
59123
53169
25795
32979
27323
17750
49376
32227
70835
46695
37284
24286
2586
3060
45446
33445
48561
36184
65949
18424
57593
68687
17740
43452
49619
71706
73637
76189
69516
78206
35370
61713
73115
39065
46624
13970
15245
55449
56325
5157
25139
47205
69198
20047
2691
35187
43015
54289
65408
40521
28965
52006
49844
72462
22659
59087
22700
20839
71711
14073
22906
55020
60821
47402
26491
41295
13130
72379
79300
15497
39104
29681
32091
25518
17853
5078
65558
77219
20638
46368
37925
74765
51321
29014
27962
42328
695
57771
75204
24576
58374
3574
52426
4067
67542
25604
74657
28024
41167
38811
34770
63552
6188
506
67271
4926
72122
26527
9801
79944
577
69827
35995
30008
20294
25339
76444
77685
23065
38290
11827
59232
5819
52479
66679
73713
32561
78548
8811
67049
62785
76052
74365
32778
26875
45608
55060
53270
35340
72307
1514
52268
7654
25354
50053
77421
53994
7629
55956
54221
23053
14877
11850
56616
1703
735
33759
49586
29288
64786
73470
77538
6107
7148
53565
24784
35679
16943
1803
32476
29924
5355
26121
63718
4091
16753
7587
73045
21265
64230
75334
12878
69142
71677
44283
47662
69968
22016
39925
62946
11037
54399
16898
32421
45180
65379
57820
17002
37851
4680
24147
3903
41805
52211
16173
56187
52851
18065
48352
29918
19331
54953
56052
23235
26282
65180
77051
75126
18590
68597
53273
2151
27693
11358
62449
24781
72748
63050
33350
64518
60579
50527
35324
45681
20837
71696
72649
30557
68260
45312
13931
30946
12605
47894
12251
67158
53534
72017
8648
79685
25437
17351
56970
42043
76152
33989
57697
31578
28985
1870
39468
6740
76651
58164
69319
66795
11915
15482
11655
64771
68082
12198
32261
9314
60757
69184
14893
16572
25106
79795
49411
10273
6017
16022
15364
21046
17689
68262
5699
45237
2379
40896
40053
20348
31662
28142
12450
21689
2205
54588
5902
44549
57227
23801
20211
38615
67226
8817
59994
69935
39369
50186
39545
74592
41316
41721
30402
69950
22845
43858
30075
58051
7415
63628
70562
55181
74031
28537
62085
35341
5889
30297
28559
35407
30593
30687
66605
16702
63898
28577
74346
12079
28823
74521
66079
13140
78022
22891
20751
21796
63914
49262
69197
37784
79016
74215
73345
37064
20973
4501
63777
39997
67538
36754
52023
71139
35614
22647
34056
36475
55501
78652
35164
52472
28382
17846
10229
20484
52575
8930
30521
44126
31540
47029
46444
10211
62243
29249
70890
1476
3941
62278
15616
70993
34420
6131
98
57681
33871
56260
51887
45691
10113
8801
17989
17404
43956
52625
51782
41526
52870
62415
26648
46607
77644
59323
67924
60722
66963
40426
10360
43605
12201
46667
19432
76028
50985
74303
60414
1260
35946
51459
65077
28779
61579
50863
49221
19160
17328
70983
29247
30276
55930
30849
40523
11514
46844
50888
2239
11883
26441
56009
63456
16160
62790
79078
29880
19938
12520
34579
75851
33302
50294
3447
24774
18868
30408
34486
20275
67167
63549
13598
55748
12489
53210
72532
55245
28549
45944
10191
44191
53909
33758
78939
16979
9549
38149
67929
2296
4835
23990
11628
70362
5490
60915
10890
30473
49259
38843
61909
27331
16991
50072
53892
16375
32020
35186
7186
53393
73096
58802
26714
12058
77201
37524
38109
52824
18475
52494
75915
44495
22092
27276
66687
53792
38861
8377
14665
66823
29412
67307
65680
51772
66992
23524
45191
11708
37828
20849
55811
66345
47577
47283
47444
18293
26949
40399
56528
15366
19871
46648
51407
71056
9978
62656
77061
53841
77879
15361
22026
17862
48730
76983
38848
3599
27036
77707
60593
7139
46541
67256
41888
70960
62989
77544
27055
17077
77775
23131
74017
12824
44904
39309
65895
5500
28991
62363
13051
42107
27283
46706
35640
53569
62504
26372
60792
75414
869
72601
63870
43734
43597
49854
67391
45934
56719
51727
70462
48846
49445
67570
31908
71583
37829
38979
33731
1076
23333
26479
42088
62791
14437
71031
14400
14090
11359
75663
62146
64773
38498
42741
12932
55598
12170
10605
26897
28924
32784
50578
26043
36448
43843
29265
31467
33136
346
76474
4033
431
38881
12577
48300
17302
44690
26151
44695
69564
45076
64557
1192
23389
78012
32082
72804
55009
65682
12059
4442
20505
22877
27200
9583
59526
73144
76523
66730
16512
20283
11234
23600
26036
11483
45384
22589
75289
11297
9791
15737
36674
46815
13254
16138
23093
11217
25451
20881
2289
68017
62797
55626
54884
32992
75013
32346
3057
8781
3712
32898
57175
51021
54348
45050