-1
27789
21131
8263
51387
64776
30624
51344
36142
78519
50223
77065
22333
26169
62193
3871
5224
64078
66641
35719
77731
73484
52397
35467
58138
42910
29067
22005
45218
33749
28769
26572
69910
1492
23029
50279
20413
24400
47041
61152
50756
11424
21370
50542
40131
34295
55115
905
74870
53556
61224
4459
63668
9632
45067
66097
40561
64814
1050
13143
26930
63053
33642
61845
74979
47533
75701
36537
45089
78936
23985
49803
73923
12242
29434
54193
72790
27161
69114
41268
12295
72684
28681
28479
25894
52919
60676
35850
20050
66719
58580
72726
73377
44243
41217
43769
4093
26301
5830
34939
58415
28578
50397
19175
34647
77940
72221
14734
12479
59471
31606
63187
79753
57390
41048
39497
62187
19287
61415
76748
8401
75554
28832
1194
71871
31253
42682
5876
6338
22876
26710
62543
1649
2700
11713
55166
63042
27791
13758
1238
78934
56245
29392
44191
72673
57538
61999
26538
25667
38932
43485
64347
43411
41655
3658
41363
46928
57194
33454
35987
26236
10316
46026
45668
49527
10422
61215
68739
27348
32863
388
334
67669
76341
70785
68224
55334
52688
42400
16246
52129
76503
1014
2574
15236
44187
33462
32608
40817
22677
18730
68692
35125
63431
60639
79039
1486
63439
62915
59020
49591
71444
73695
66454
51139
16140
26555
40208
51745
17777
46780
21472
20732
76911
41270
27140
66709
38406
39240
10195
25680
68613
16758
24851
61826
24903
58133
58875
62221
12844
72995
7640
70747
33211
64866
3645
68170
73679
16986
22738
34786
50796
73477
28168
1899
48187
49828
16108
78439
9726
40446
8905
34708
59790
57849
64114
40185
57636
4291
45206
72016
26128
9792
15949
60400
64547
11910
13694
26601
69070
66206
25959
45122
10829
51748
15618
13644
42358
60032
37243
6313
21250
11287
2611
6257
39156
5883
16589
75303
28469
64527
1795
10835
32699
55800
57271
34187
44068
46425
2051
33122
50642
3804
2510
60691
38236
75369
67565
79336
20844
71427
21806
68570
17309
64560
57994
2525
55683
27091
74501
48962
18002
75722
72384
65498
2516
37352
55530
8593
19226
8955
11101
46023
63050
28535
10402
25774
24322
52810
46437
75166
75466
67147
59933
71257
24625
49937
77689
65290
57124
79539
37985
76494
14670
13462
71651
39859
49167
5767
29831
12355
37796
4197
12366
35991
36398
70641
74736
8809
60427
42872
43297
22439
72657
69156
41334
46747
65464
12064
27068
47654
69293
36456
19114
22084
47220
13042
58986
35093
20994
72309
15873
32340
79114
67834
67516
45003
58845
70096
69454
56700
62371
47563
510
39168
12971
35500
10584
38017
4440
10412
24475
53754
76840
5447
980
44112
76316
21287
63284
54730
62879
17418
61344
40643
11591
16992
51669
36016
56164
39946
12080
70797
3142
50168
64496
78205
71351
71165
39567
25470
12625
9862
67470
45066
8257
75602
47541
72746
79660
57446
58830
64613
67390
179
6472
43374
1780
9854
48084
36520
32176
78590
51568
45214
72678
34795
13273
26635
77197
77022
58466
53746
62904
2739
13714
46963
46798
77185
47879
57514
1696
68305
56706
50121
6476
4443
72094
41985
48526
39008
75703
70020
37176
5988
19460
64645
73450
44596
25889
58723
35606
12661
67885
35244
5459
66184
34099
16349
36867
55863
32889
33258
2762
33975
72814
68910
66946
35871
73280
6736
3148
25570
50555
50043
60734
67545
68799
18911
1557
18478
12136
74398
27835
7902
25001
63052
5284
33693
4996
45847
69027
17149
4520
31788
29052
70651
15806
50590
46580
73263
44329
35752
3878
55534
62952
68776
41234
13393
450
67324
24496
11458
79446
79281
31642
75008
7858
69073
30042
72037
55838
54859
56103
39814
54865
73415
45065
14740
21807
9468
40990
69970
59297
50219
58450
70927
61899
58049
21163
31774
51647
33354
69230
44753
77062
45177
30281
28911
19051
39636
58933
39323
42615
50182
49283
55430
22388
41152
69488
37084
291
20553
3957
66674
12391
36493
9851
65234
10578
75665
61312
2330
63619
11742
61286
38707
71986
67953
28411
30573
47593
68556
72776
66027
74990
76323
32499
32817
33607
35576
53011
60689
77114
8890
54244
43926
11341
65087
53369
55852
56552
22258
44369
19856
43989
37799
34922
10213
10805
1619
19369
68043
28106
54200
40721
69534
1349
32043
50954
14905
79480
28340
46631
17319
23672
6918
64683
27728
74645
41379
5491
20170
41615
12908
78420
38253
11021
49292
39850
34171
60147
15502
4545
17732
33737
5717
9936
60620
62448
19887
22064
2691
75788
52807
33220
1035
11814
25445
39677
79829
21514
18590
72718
25945
57671
3560
6586
11994
18308
11919
24045
40101
63247
54405
59339
4158
76234
67585
14634
12912
51872
35995
25637
60895
17128
49764
44295
79420
59315
10834
54188
34291
3016
23078
49997
41806
67710
52366
18649
52575
28900
57080
46997
43119
60270
29426
6383
72533
9263
16804
77963
55445
19760
34822
64279
52122
16820
21175
10101
79165
56454
100
78558
76640
47462
42721
39952
75620
58261
22063
60305
18646
8587
39370
22954
40839
16815
72078
16272
39709
60053
43024
1675
37681
66029
5332
19745
69868
62433
12211
45947
50551
18454
55697
17385
3005
74685
36199
37261
79601
4647
225
40999
6519
3780
61951
41359
39360
55516
36051
60776
59173
43227
63344
52665
62170
25008
42034
6392
26715
52365
54160
58854
67036
37212
77408
2376
9104
59253
40792
41545
72452
60267
9413
38745
27106
37593
54647
1925
66164
24561
38
12209
69656
53186
43234
69856
61131
29846
47305
38746
11520
41902
62534
66925
75291
54766
17529
24519
2083
29871
43768
22868
50544
4422
72918
12041
39662
73178
29318
30420
56664
58764
25479
50423
11111
40167
7452
49412
40233
26211
73410
26743
6710
79976
47919
12314
6169
22129
22556
70945
46290
78839
69445
79364
75867
50357
70911
5653
69338
65107
31503
42981
42357
25762
74270
7997
13061
44943
14250
57734
68109
71253
7412
58005
30594
58497
21375
47990
7853
47844
57105
35481
73982
31778
7588
10310
48518
31716
71881
41671
37988
15802
35162
9168
61476
8450
65159
9135
44454
69295
29797
16838
42502
72692
2153
52641
716
31825
39992
36074
34435
26607
74096
70963
47164
39004
19469
43333
45353
71341
77429
62959
39459
68770
39680
58553
74124
19822
13428
75929
33739
11817
21298
67557
23727
35962
43156
14138
21419
65964
10399
63630
37115
12017
46825
12450
55509
57728
13957
63545
76209
50666
58269
12198
15190
23310
68156
2601
64180
44037
1963
12476
4951
74150
45763
72292
38024
2502
42916
57014
36906
30650
25862
24181
42826
53650
26632
59610
67288
62306
58901
65948
25878
16559
57518
76971
61423
31514
35052
57525
67071
4113
67820
18704
47127
57143
8249
65658
29887
13543
43853
45268
11399
17428
71681
41536
48108
70247
77308
6901
68628
70570
42452
32928
35644
15426
1430
36896
68620
9729
21917
3710
61633
19069
30514
69680
38925
23024
75449
63326
65316
66096
11576
53665
10258
7480
52703
21288
7078
18034
34694
2531
66992
19042
60319
46391
66909
73234
58925
5915
60404
27844
64489
49537
27228
78356
63991
45019
38072
23650
18948
38177
34765
50185
36818
41519
73358
51237
11511
25772
53404
18915
56133
8058
61244
47420
13112
48980
43288
32227
73115
10786
21901
6339
34661
50715
35570
16794
38393
73852
56202
17654
70012
22663
29491
1900
45377
3965
37366
26589
63796
44730
59131
38271
56732
47828
23680
38312
47029
46616
31717
5868
31524
68678
47571
67622
67532
6892
56578
12870
51809
22085
73469
8194
614
72968
66763
41015
65489
52132
27398
10839
449
72568
71789
10929
39057
52671
3578
25379
1888
2667
36874
53324
56831
22115
44634
63721
60464
60773
58794
29837
74432
4517
28568
2649
1023
50748
73989
55217
63258
79328
66629
17666
30530
45347
48528
70236
16379
19008
71468
26135
57433
37811
28623
71001
47661
6368
70856
29064
50488
78415
41013
18797
218
43726
64310
58937
64706
60272
64716
39034
11718
42156
21912
32107
28708
57738
12218
55402
61909
58801
54159
64771
72222
60725
50205
42030
78889
28003
42294
4742
34991
69008
26138
50243
1240
40528
19368
12278
12590
722
55298
64501
45339
68243
76306
61678
21809
16265
65389
64907
39009
51962
37145
17896
38604
24343
30769
66376
467
14649
50221
26796
72307
68504
36986
34791
13840
13308
39276
40287
70430
47587
33676
55016
11850
23632
24060
49491
70005
47589
1009
2004
14626
19044
52312
71576
23882
54688
16191
39594
16231
51665
72436
51944
58616
79431
30595
15862
11072
30382
57490
15955
23299
57011
66497
8093
73983
74203
18110
23293
47093
76846
24160
43715
28907
79897
27304
12642
10470
37362
79968
40411
20286
43332
11334
15246
6668
53274
70178
1405
40897
4963
12156
8604
7793
8151
2114
3116
33542
17660
24405
52813
39245
8940
38001
6417
17640
28896
31334
67691
20319
24748
37023
21018
77945
70879
13301
4759
76716
68969
22200
20423
54470
27081
57404
73159
65928
77250
22689
62558
38029
13403
45820
65850
28338
25214
34521
7439
25881
7827
22939
7126
57102
45194
79665
8733
54253
57418
35526
18062
46770
63420
68352
45595
40728
6270
41086
79243
4593
53218
44229
25768
57116
53137
50245
21227
57823
77727
26190
17014
61275
16319
21725
5325
41427
68629
19632
55540
4737
76564
32614
50597
7255
39138
76769
35004
70925
61687
68383
47712
4433
69651
78110
57945
49878
16524
73440
79514
59292
69805
68920
31902
19302
36429
72030
67563
19444
71749
63110
38829
867
19143
25367
34698
57455
70798
28846
4832
9095
52296
66659
44817
717
9640
55111
38153
22376
65656
17792
10921
36617
3245
34419
74474
7429
64952
39481
18597
77612
55922
63036
67257
52802
19482
15220
2338
9435
34318
33615
16665
77516
63978
33725
30345
53585
2257
43703
77323
40734
65024
43645
58676
19184
58325
45022
21756
5631
39964
41690
43560
25491
14558
66401
33154
34613
20147
47086
18975
46261
57279
18795
57928
75681
38316
29817
31619
44319
19103
66426
6482
29823
348
32870
78989
46983
55640
15102
76240
6081
1909
3475
17722
54664
61059
14210
12158
77252
29737
39173
2549
25517
64847
32256
18311
68145
75086
4871
65747
27361
57277
34849
76923
47979
49660
59183
6714
78670
20308
29208
61005
49539
57457
23396
32109
68071
30536
44146
28406
77575
65790
46262
37377
68984
70261
28350
75321
39062
71026
76310
64194
20897
46548
14851
62742
62603
57866
38834
36902
62673
29741
35381
33255
71766
31754
61516
29063
12399
18505
50078
61923
53957
63295
51996
30840
56765
51258
18943
62824
43643
12480
42583
31757
2852
43995
12310
43471
60325
25600
42801
68759
18277
63850
70243
25475
31504
15492
53615
60635
32813
54335
63475
55859
56712
68247
53773
52938
8738
5922
62516
904
54676
17764
36758
18805
27283
5964
2651
67335
66529
67014
19359
55529
72614
53557
2045
28844
38156
41106
27594
5038
18531
10014
23052
27008
38738
2584
31912
59200
64106
41411
30196
41471
76823
53441
41750
26610
2641
42927
21637
20448
75747
39359
35095
16833
75447
50326
57872
896
36641
31960
2074
70265
75594
27848
16353
14269
38615
33712
57472
12095
71402
59629
78224
63244
16331
47710
52862
52947
51494
39904
33072
29921
62363
58950
17864
17157
42508
18910
27798
7702
11026
43881
10771
68393
45729
37713
51727
40951
2066
73386
19799
37010
6037
30619
5302
29968
6201
56681
25128
44029
15853
4125
27110
34880
1870
53170
63951
73564
57359
47055
40850
48157
30948
42977
33513
77000
45941
7455
19112
24471
21377
16767
13956
45616
33996
12141
7962
27501
44017
42737
4427
17271
9915
62434
64415
74665
66654
46543
78160
66338
813
65008
78624
17400
58323
54661
61830
35126
22186
10653
77407
51160
78500
6946
17129
68834
47797
57922
23599
67424
21153
49670
57808
79758
29718
38678
35020
19594
1236
46468
75605
58238
76584
75085
40950
20887
66219
64505
39407
44028
71173
29850
14045
38027
71473
7493
14307
25975
32983
46884
24486
19590
41549
58865
66952
70434
17426
72694
21924
68313
44798
10945
32458
72621
5183
17086
54152
73585
18303
15908
71884
78494
23357
28765
37690
62954
52483
29563
55586
33970
72971
33630
27027
9317
74458
34581
39259
33199
21478
54941
74114
25168
60926
58229
12617
49451
47755
20222
74237
12044
9638
12485
62594
61314
61095
55479
8043
24200
2387
68986
40501
57062
19926
72099
33357
7237
12371
13579
64850
37036
14391
37900
11944
30211
63819
43778
66693
68510
63117
33798
47292
42563
55257
77419
19130
60811
79282
21790
76696
41682
44366
54023
8119
17909
31701
7535
28467
34198
27496
72583
56252
39783
45904
78848
49497
69682
30238
58992
52134
66340
46792
14945
60990
15428
10628
56032
14472
71657
458
73868
46027
339
48126
45140
26300
60221
65916
4400
2547
6044
63957
26716
65764
38905
72400
66822
58095
51232
10567
11065
917
21061
20946
2173
52726
20914
49061
76007
11024
27124
40809
58628
4784
60432
13569
60049
20921
62336
70016
78404
67252
66202
55768
39845
57556
27146
18017
14416
19685
37972
15465
19746
55198
17270
49656
32322
63927
8812
62126
39487
5226
22681
18785
17460
46515
258
47836
20437
12568
16530
8100
50606
53832
79452
10631
30241
73444
35187
52937
33662
3402
73992
4404
47469
11957
71870
53822
58401
24670
57864
40693
18366
34552
56646
16972
62207
27680
64515
66998
45263
23243
76002
67023
60287
66720
70366
66564
17282
14730
79589
26630
58923
60942
76634
78251
73307
68867
71813
30141
58769
64624
19035
57892
16623
6675
79865
52625
69923
4885
16783
73574
70709
18342
2416
24317
3271
71629
8650
42325
9559
45014
50458
22470
76782
40249
13735
53295
4908
70038
61457
46503
8854
48804
18872
73045
35206
9115
73921
69673
13239
35215
164
18767
67805
78005
70214
29060
11769
51616
9035
68459
46076
75797
55846
59328
57251
78662
57386
65488
28492
44904
56534
3691
1424
17709
61050
57069
19269
67790
20866
1961
45739
42897
5090
21459
65766
57242
661
25173
22869
63216
46287
23133
67
11747
60735
41847
64233
36642
31561
15591
6713
79755
11271
24144
17636
46914
21857
47313
25610
74482
6318
26090
665
51515
51444
48942
61808
483
62777
39415
58092
16965
14986
37173
48302
35853
59905
19718
3099
58435
22057
59143
43093
26356
72223
58680
78196
71251
9829
35898
28550
54346
48083
65432
65655
39186
7846
17221
12086
10703
65326
68717
16916
30283
41566
28478
70378
65669
27790
57886
65936
3093
38598
2116
39575
10361
2181
5458
19597
48723
26179
56581
47776
8482
3396
9916
9389
52563
46102
16784
32594
28879
53837
38375
77557
66652
44932
39167
33684
29051
13359
21026
37032
313
17502
14343
61517
54952
44594
73153
32153
13706
58707
64366
51778
47586
67275
49747
48503
29198
45653
61970
21138
69202
3282
72371
38314
18676
73077
71675
72613
78509
78692
24223
52898
25960
17656
38285
36555
25204
37199
76044
17728
48065
38817
7491
15191
8945
62494
10425
65468
76037
12850
62652
2048
61610
11036
2850
68643
25152
27858
37053
49487
37476
75785
1053
43658
59371
15322
15561
75079
52056
62404
34050
49141
28198
5344
78242
62562
69698
57465
51337
78723
3722
45424
2591
70216
54114
30438
62328
28628
26506
65427
40276
25982
9720
58124
48184
62903
15303
32854
52297
41318
4729
26787
33511
78190
37802
56782
35053
63808
2963
7257
41509
68364
73883
61537
74936
44453
65746
9856
46706
61442
39647
72348
9394
29233
70584
70703
79010
37748
48572
49770
58406
77497
1701
49671
24377
9927
54066
66142
40998
23140
61375
63235
17935
73864
2372
27095
47966
64905
25045
2095
17585
61528
50309
39824
2256
41479
49079
19817
32878
44510
10621
62057
28859
47791
58844
1637
52572
47724
55956
28451
12002
78938
5152
40866
62069
74506
44335
1034
31266
32691
52034
41973
33326
18010
26596
61168
60313
8253
45732
24334
51842
76681
41793
25599
25373
75463
17869
61338
6188
15833
57712
1276
13624
50396
33202
28992
46972
63468
10185
69306
16440
1952
6835
27241
14027
16491
46324
40480
46428
13792
49417
27118
33820
37819
5831
25847
53316
31631
65614
28871
71691
18194
77263
4006
3181
27290
48884
59877
71070
39789
27741
78009
13373
74841
63744
50493
75876
4447
47559
24648
71308
61753
26189
14909
41082
43566
45461
32617
75614
57910
35908
34140
5541
22992
40330
9370
75857
62745
78340
12855
12015
78797
76366
9452
15731
36434
56483
16490
16477
67354
21465
23973
21973
37079
37961
41428
13612
30861
60254
5341
78688
64871
41046
77298
35553
35134
78461
66812
31048
52891
55967
1132
54994
54622
13791
21013
27300
18688
3196
78591
26524
53049
73074
73253
43951
24729
37629
42190
30139
55518
75834
12629
19442
66
79372
9514
11405
41184
37506
68382
20107
7652
57978
18774
21779
32063
37844
23617
26251
9647
23481
62100
48727
65327
36714
35639
18281
3745
58063
47282
35834
48334
77970
25186
24472
51837
32508
23245
52583
5550
28827
40791
53540
54674
8144
5921
28616
35518
70347
19756
39895
76054
14342
50767
13898
2310
76652
20051
38348
62152
22775
10241
6677
55223
64352
37623
22979
42021
27571
56915
17999
75671
16840
4044
76746
60247
48819
24680
2883
29958
45458
5111
67779
4505
21236
2573
30015
64210
63608
24805
7567
24074
67219
78286
52588
77107
2695
55686
43866
35804
78933
40311
75584
14793
71608
10625
69124
59509
46724
64878
17779
54878
4241
65331
2324
56984
6432
43175
18035
63531
35082
40397
21122
24235
50348
26397
79247
15762
50099
71689
13298
57394
56030
64314
50281
2816
47048
47280
31140
53887
39688
34226
66804
13874
65136
67883
27870
61231
49333
72663
68741
13842
68851
6029
41008
20814
69176
5488
22468
17899
62855
78875
71441
56324
22882
18174
19268
41162
20613
52834
5679
47108
68584
2770
15927
4790
40641
8921
7150
44499
41963
73283
79646
67515
65460
75714
75871
24430
4173
47391
28373
32823
46714
1920
68958
59421
25796
38075
40594
30346
24323
400
12207
65585
51124
69177
55491
67981
8320
59222
57997
52709
48262
63815
25857
67155
72415
17371
29679
11598
44314
14767
13174
47544
41907
17003
72542
71875
5382
71241
679
18448
60354
26327
65863
50583
62979
55410
57800
13749
8368
69058
54823
25024
72284
75909
10113
74178
35285
68858
53343
65178
6929
53879
31241
76100
43118
27937
72527
51178
57876
8602
37758
40243
48914
13303
57854
25087
30864
29562
50628
44395
74984
17431
59356
26976
54681
50046
9201
65537
10389
44491
20718
47120
79220
60487
375
50358
5171
30978
17155
42246
58339
27814
65214
72658
1232
17760
36734
36956
30155
29228
32955
19004
77314
3455
28098
50432
4879
70746
30254
10478
55992
65390
49883
74
50926
44618
25532
53284
63983
8776
50861
37619
4623
53767
43544
65061
39328
28231
33449
17959
6167
38415
71690
44324
50577
5973
18666
78308
41593
20880
66687
68392
51285
55310
55973
32204
26825
49049
72731
42760
38168
34902
76565
61427
76020
47389
42307
57717
51817
24564
38267
1814
66568
58988
74139
58354
5873
50739
71300
53764
5947
22936
24946
224
73416
73811
11246
74257
52420
73926
30883
9522
30402
46531
33313
25995
77798
58263
44377
17344
16380
27128
13392
41337
64462
50061
68304
36150
67126
59447
11554
61252
68520
33992
18230
47017
17846
6150
53745
36279
16562
29896
25435
44383
34500
70565
41600
49863
48696
47261
15587
73066
78982
1082
13559
57668
42758
70713
34019
67133
20387
78329
67947
27230
79314
50136
79248
65522
2968
36727
70505
62139
31623
34997
59643
43839
62011
14358
58819
75169
23407
16637
5890
51849
68027
79309
36584
7556
14627
60291
591
18225
5593
51148
63989
32457
58336
79272
1301
30606
79373
16027
78608
40129
57068
54464
59409
53184
67346
33983
13683
23867
26057
67817
36516
204
55860
27292
35269
9048
36767
21786
28104
64955
64234
35704
4000
56434
22761
57049
52909
24734
7151
8789
27678
60891
68998
35181
56331
53657
56903
20302
51596
67699
18422
35949
31131
4679
73071
39712
72683
61169
73004
56489
21982
41001
63342
12491
66483
68855
13099
7856
53267
25874
2005
38355
16944
53760
51180
40061
79496
63154
47000
31412
19048
56385
51747
17739
37902
22289
7750
79082
25071
19735
78409
49583
38067
68708
37659
18081
2812
59753
69091
24704
59294
36179
35424
20612
50734
35765
16906
11012
56688
24271
2721
26670
73761
49007
44071
51195
78019
30904
59008
62765
64516
58253
31053
58641
23306
55133
22789
31578
34629
17227
32993
60436
9644
58941
55135
17333
42704
57877
40638
60838
74909
37852
26750
37696
63661
573
23654
70209
49647
8847
34085
36523
74108
5845
50228
22888
6436
79179
69208
47758
25154
28584
33581
47660
2346
26652
20869
50029
37959
29243
15298
37424
9108
1062
64416
37376
8162
20782
16755
38351
44165
39643
51497
24659
76809
32696
14488
55123
10198
46370
1077
36728
53050
20220
77101
72135
18742
62312
62046
78988
15015
66593
55110
24089
77741
69542
22252
28970
60297
71143
40404
818
79201
43145
48451
31976
35787
12350
64553
49646
66538
31327
47957
57868
55353
23147
52635
211
39817
71818
55845
72205
57233
13027
17914
29238
74173
51193
5815
32143
28389
15231
37664
32921
36549
6782
22674
68890
18791
29505
72532
4230
45117
9864
64742
39981
25828
79497
39140
50363
68223
18470
11639
78746
46865
22307
20992
9458
71982
18406
40515
9648
7813
72639
25239
66052
2821
15940
24705
43764
55043
29174
71549
75590
45622
72299
21691
10725
48820
5364
28407
25170
70975
76576
46653
15825
59003
31294
21642
50540
32946
42276
78389
30653
43121
7506
49235
44143
15661
11969
62033
54698
40587
3762
10722
74550
49445
30426
49929
16254
38347
64768
62779
1825
8315
24195
8689
31793
10701
57065
60847
20821
25663
28565
43173
8016
18482
23425
23268
70536
25320
37937
57919
53548
73390
7057
25760
71043
17359
78129
61198
11397
31260
6040
54720
66398
65682
73223
59537
52882
731
70329
29581
74962
69405
3904
12111
66234
2245
35044
6592
44407
11145
15351
29628
29985
19619
33766
60497
38614
63739
869
44553
53017
13981
18259
39130
34493
30492
59787
54358
54017
36062
68825
9081
61284
76012
50830
69518
3048
51137
5222
58873
78141
21659
24375
52083
3572
32849
65839
39550
8828
45576
35893
22921
21539
52105
58566
74901
68440
77846
32220
12110
34418
30038
68700
54724
55350
15529
1524
79307
33050
5967
44914
32856
34496
21852
24281
37981
24876
67896
66230
41498
35461
10479
62467
60193
56189
61106
72537
15175
46778
40069
63785
11579
70232
45123
17944
53549
26024
75142
78785
67429
6097
63937
4922
66722
3984
8843
5293
16111
65400
22190
21707
49050
67974
61754
62304
77432
14035
79144
42489
58572
73691
51890
72276
42766
7043
46283
77805
56743
2485
22725
1059
71244
60509
69705
65246
55815
2081
37154
44194
79083
77534
49959
27145
54847
14703
75912
45230
34387
52194
52790
39534
59638
36669
18580
33649
27272
57402
34959
50629
73582
64311
59657
26966
56105
70585
38774
13013
46285
56866
23280
29590
16465
1397
13417
75287
77075
58190
22836
3415
76955
16635
37824
12862
23853
13815
45807
56656
6282
48753
23611
71538
39953
76258
47807
78704
45795
33779
17022
2863
48746
19113
53349
65854
17752
55696
42623
69537
50062
58446
43181
67925
33465
19161
6610
6833
34447
77171
75418
15710
15332
4499
62732
3333
26633
31413
75499
57281
78156
51276
25753
58606
77780
6206
44994
34118
61867
51710
38584
14616
67684
30601
13461
15016
14019
66420
60477
21285
58266
37574
72089
79011
24490
35840
3747
10504
6060
49164
70333
2537
15784
71693
6114
5757
76557
32104
53768
67722
41961
35592
28312
50077
72344
61021
72569
68190
76001
66980
42423
4936
27277
50405
30516
8957
37
48638
76608
55913
25344
8131
39067
20045
58441
41532
22456
21993
74745
31316
25670
39646
21475
35150
34402
60375
60132
42514
60071
79350
25122
623
51798
71882
37319
64750
69480
13318
69607
19085
52262
32698
22389
58590
70311
70580
31338
71912
70628
76957
7566
48859
62871
66345
4942
65516
25524
41975
77138
32389
9649
11004
54957
71224
25501
65284
40550
23694
16183
51059
26051
69297
47218
37100
75009
19717
72438
53645
4786
57303
45043
21753
11439
38601
70271
35310
32174
64713
47832
75129
15958
70105
38264
40586
69354
63308
70502
34421
3882
47177
15510
47179
73662
44974
18000
11971
58146
6958
49967
48263
32095
24640
76975
48352
47756
41528
54150
66903
49868
45489
72391
70050
78675
276
69891
48615
51563
31816
7899
57658
63242
8466
43390
15050
22463
68307
24803
59793
74037
22213
62124
9527
3456
66886
59479
15534
50251
15
57597
57010
56811
46800
66551
24845
78315
53138
25304
66286
9845
52022
26957
34346
64830
19910
73955
4078
20278
66969
52741
43799
58796
62556
34040
12404
79911
52198
30860
26388
62246
48054
55457
47303
29501
42492
36132
2493
10105
59140
62624
65114
2522
79606
41330
635
36081
29768
25074
48896
46040
22198
12096
72156
4212
26704
76798
8421
1088
35233
27672
59285
62557
32826
2207
36068
22604
62158
45091
68953
39024
78749
32044
41899
56596
5432
68110
45358
10021
68513
75015
70719
22167
42798
36277
37346
35627
86
79236
68198
13617
28060
4077
72104
26679
38994
18945
79130
6802
49735
9299
985
35330
23720
63646
16334
49781
9582
64152
38518
64845
42199
62062
27223
50617
49840
52560
32273
3438
23207
6798
51661
74000
22594
66103
8137
20121
63551
21057
46006
78027
74580
50879
57521
79739
58547
57383
161
13626
43067
14736
43800
26939
54738
71526
8342
62661
32760
32088
61862
39960
32604
75039
25804
15866
72606
12794
14527
35890
67756
14530
53311
61786
15606
7264
2070
48850
41994
52866
66689
9069
75475
11013
14842
10471
73426
968
14931
31999
44736
35288
23202
43452
69262
46851
1813
47339
56730
29250
20801
10080
79654
72574
44659
28309
54165
40140
44515
33191
704
14683
71563
63582
8221
68699
33814
68876
60242
8066
77525
14457
57228
78355
19154
55572
18500
1354
43617
30350
27956
28768
40213
6424
30087
54839
70930
6207
65632
1447
51532
9102
31600
40042
6628
65162
36647
21871
53854
55240
54
39951
64575
42695
67949
66953
49603
37128
67493
2061
75669
59066
51750
77924
9977
20034
15975
77346
2264
44663
36720
4293
13385
868
18481
6480
69030
19705
72440
54417
18546
19003
7024
19462
64056
75414
69803
56166
40524
29087
21215
15991
51222
267
16914
31618
58644
44467
33719
13575
29843
59098
15843
37879
60157
34573
76520
20762
72841
42556
30219
54675
52447
11691
3823
40148
68099
4556
77507
10069
55444
33554
23539
75484
76011
20740
77709
48366
53479
51832
12837
6845
41371
56642
16737
74099
30049
56390
37050
77799
29847
66721
301
13705
29902
73976
69125
77926
11514
56240
1402
8991
73951
63008
33274
27082
14595
31068
59086
41760
51478
4239
28088
27633
20408
32089
56153
30897
74162
14288
69246
9789
22799
44264
79226
20919
28225
78182
70353
35303
65329
32850
34161
11891
52474
37948
39505
48801
46417
76867
62597
9460
74502
5897
9441
50857
24015
5405
32335
23678
56326
62773
65852
79100
33378
68339
51433
41992
12546
75333
26984
27526
49772
62294
31568
44476
78796
29698
62379
59303
48937
2401
1665
54784
30296
31988
65038
50640
19980
3726
74380
31075
63418
18205
48356
35986
38772
46697
17261
1312
11871
45928
20460
24784
15671
19519
7331
11487
76735
45209
53067
3542
51049
70484
20128
48694
64816
53317
72861
63159
23457
6657
32288
24666
72555
25078
29048
28085
27730
56320
12824
19019
5667
48678
8145
71249
42132
33294
25665
31610
15533
16224
54371
28245
45819
76775
12288
30865
49982
69329
63020
62458
78722
65528
19997
34411
63185
74561
11995
11327
12698
11746
48090
72009
79608
75724
30591
17411
48478
14594
9732
18102
24712
583
63317
3149
19548
26938
22940
47785
14608
3212
46935
33576
75748
56293
58373
45687
51128
24142
37847
49664
35751
62466
37647
67541
78506
1558
15708
60261
14302
70581
37503
9439
41637
46919
70610
49852
77595
57637
26008
26725
1990
26658
23473
74360
45082
1012
58500
66192
55101
76787
79622
24098
11770
43264
72696
9262
2171
30137
28066
69926
69971
79537
7615
34133
60081
22234
14715
62731
56119
35511
6761
79028
76504
30353
32718
25113
43199
57887
32902
42856
48908
49482
44451
7930
74568
66179
56961
28288
3861
10237
16682
9012
30473
70795
35673
69017
71164
78907
76930
44910
17478
43169
70750
58650
62020
23282
55814
52429
50611
70266
42813
5164
34340
77724
44115
11201
3902
56935
41485
25037
21996
57203
34009
23398
26077
61914
5623
20831
18728
1560
12373
78562
73428
72322
36975
71195
7552
60592
4547
42729
6701
73753
32954
39797
74285
40558
5797
8398
35087
2291
12895
59093
63899
39778
69520
62286
5314
45108
59380
34417
73973
38105
36071
57536
7992
70826
53157
4303
12376
44977
1331
25177
33850
46272
46119
14712
13197
70047
4666
76724
38228
64865
2014
21724
71620
38603
79076
70203
6644
63178
31541
60993
33376
48510
49716
54827
8995
16048
8683
7275
73630
77471
56941
45831
72633
73479
41499
9336
28501
71861
7870
14505
65203
33560
11683
63498
67688
60653
53855
73119
74337
5578
31037
60241
31351
7479
45324
4468
26427
42399
39306
22741
13593
18637
5309
66130
4282
9323
35943
51607
67359
63114
49658
59819
49842
50135
750
51960
61603
20548
1026
23952
42083
75005
67854
75401
14620
21152
69848
41512
78705
77838
15061
13383
53155
19766
69622
71500
32496
47149
76850
56273
11605
42082
67164
74921
19191
4352
12567
64187
39956
51991
34774
24218
36157
38453
12243
24950
7112
54704
17089
78476
53591
69937
63672
33706
53718
66105
74070
44144
20205
27665
64176
55107
71892
34081
12028
43739
66528
19955
11937
69162
32478
39876
14412
2587
61068
49219
55046
11315
47043
50253
33415
929
25490
70356
45071
17569
51956
49684
62969
29593
78445
10742
8147
46593
64213
6949
50315
8335
8798
3712
65340
5485
28877
50317
32720
23619
29892
24911
15811
78650
1246
73019
43122
20792
25328
3309
73649
26115
40884
67597
54004
34546
30966
64447
12542
59255
50249
6458
36944
20840
57493
50115
1630
20132
10976
34196
32784
38967
36396
27816
12069
37325
14455
32268
7488
20370
46585
35428
11331
44500
36247
65705
79651
47274
72486
12819
34317
70832
6395
2867
16962
64003
21440
3623
27575
56749
57144
55209
46440
34439
76509
53604
8152
55194
70490
10475
22152
36088
35710
19261
39096
33308
11210
18389
14854
41462
5741
26359
37063
71003
73471
68221
61128
20314
15182
10482
37281
16618
29832
61464
9489
31396
58920
22745
69111
50674
11443
67232
8267
33020
51347
26342
37018
5187
54634
32880
28689
67337
11889
36950
13817
12548
63465
11771
20635
75717
61891
59314
64904
13820
45131
63985
43889
27783
43831
60338
58465
47156
22573
24831
40794
54890
1451
58970
38575
35291
35190
54240
48543
50106
56281
74366
32864
48129
61715
76663
45855
18886
40863
64540
5184
55528
62583
58743
425
42303
48471
74914
38214
3008
76757
45188
9743
66779
10568
22343
8013
46612
36149
50761
66527
16533
70783
29423
43813
71679
54140
54816
15106
70401
14774
77648
21849
58792
37159
69618
7096
46024
64321
30390
61159
74223
75845
9101
36377
30820
50697
27924
52707
31322
63335
53096
2857
32922
14605
41530
37938
27319
50880
4178
13391
52491
32531
26419
30066
24686
48986
39997
24681
45776
51567
32901
69257
38639
71536
59646
45245
49867
41415
71668
20779
5371
33269
51658
51511
74773
1040
55108
71570
40025
55184
69313
39058
25819
47278
40796
11444
36470
7068
39728
16886
31553
16416
11961
59718
6231
40344
32439
33913
23020
1753
76827
46107
20948
31864
58213
54098
79335
10368
56311
15282
38434
404
73366
45544
54628
64418
73282
68854
13841
41459
33022
43790
6964
74275
79140
32208
52389
11132
10827
76035
24902
40517
77811
79440
2260
18200
29965
27483
50781
50942
68726
64442
25441
31726
40540
18059
1904
2956
43844
20588
10337
19809
48143
55109
12996
24287
61216
67409
14553
27014
55480
32045
76420
53012
64867
73235
64127
4009
63457
10775
30817
16377
46206
45862
16990
62141
71302
54458
52068
59446
72417
46058
38592
54818
75016
2851
52075
36092
6799
37000
30229
58191
17837
33395
23341
41781
73928
33281
28136
6125
21596
18517
45919
64641
61530
41393
15805
7706
46296
28304
58207
4962
17950
12886
27776
10372
70275
58955
38755
46871
72341
48097
72315
48672
8518
61777
10410
20539
49624
5232
56179
17452
22817
15263
44842
72366
58025
29430
766
51156
55943
1997
6689
39690
24678
35547
50277
59778
19660
56954
69787
41346
37471
24629
59711
38836
59264
49459
23367
21761
41888
44426
67964
49788
18921
51862
5473
7719
99
15632
25255
73404
11104
45761
22511
68591
67959
32207
21601
48185
77425
67601
14275
55616
9325
37133
63941
57949
18339
29163
41067
39438
16692
28564
61306
60180
45562
36499
45469
49205
20528
6420
43464
18801
17254
70305
14622
35400
29328
21113
18284
34114
14248
71218
18811
37269
35859
12988
50298
18144
25448
69921
41219
70629
61190
48839
45704
50780
15494
27773
49902
24374
8643
46703
59596
60557
28562
1583
70268
34092
70359
61434
72669
5640
8708
27834
3268
77743
14161
69000
36590
57092
1642
53896
7759
16472
29640
74523
44332
22590
29183
48632
51637
27957
45666
1597
64309
20930
6409
12262
11980
58177
36263
52139
22850
71149
12533
58038
13145
74735
6242
24023
11464
65146
8805
51063
16714
18109
70146
74846
55023
69570
20694
8020
78
1415
62333
9030
12260
54773
46436
77721
2925
44757
9134
17343
30862
31377
47335
4628
996
66867
42315
67369
14790
55256
35011
30396
26915
74125
12273
5376
74346
29068
13548
28482
5668
67609
29224
69533
67473
39715
28905
25765
34255
67906
3652
1767
28002
4139
27947
61540
74172
59684
66704
2022
19111
29381
72053
70297
35228
60179
48576
1821
65308
28323
19496
61158
3272
31163
67141
79663
17338
72912
72048
9065
27460
10392
20117
49782
18718
2486
43462
54867
63909
24507
14816
62125
6848
21908
16538
49102
34343
19036
55050
40735
78257
18487
14065
15043
58887
72940
31257
9585
27072
36089
24158
47590
41751
67900
20136
603
73981
48562
7204
19791
50689
58045
39936
70921
14465
39774
5745
14759
42820
75173
39052
73472
22647
51381
5386
31624
67140
79102
79402
20729
76333
50662
2507
1221
44836
27735
69082
78594
21900
46688
59802
61913
7296
13117
20988
76414
35596
8895
18857
76198
77985
9305
54442
13131
26005
25830
50
4710
33636
4169
70153
33158
56833
45330
39159
16816
2427
46226
26877
53941
6198
68514
76920
41977
62567
31896
6107
37330
18462
29612
26004
71084
5749
3380
25363
63025
33666
31535
756
62442
70974
54968
26221
13454
46110
50455
11537
52840
5594
29425
14216
8619
11222
52989
65019
76254
21486
54553
34883
58427
53070
26573
38122
14895
43087
9292
71045
29955
63206
62039
17168
43205
21959
71437
35900
30910
67278
13788
73587
68266
23556
24064
42304
14226
71336
3249
60111
60919
31105
7696
60321
9973
66429
45880
1438
75571
78653
4597
5832
24382
65100
45160
12001
11142
49676
17073
8291
7258
44136
55958
32941
8319
65414
5941
60386
44227
22635
60194
2625
56357
31177
21952
45598
19843
37932
47118
61283
65689
64324
15686
44084
778
68032
24014
60629
38627
69432
33740
67894
79266
72164
15370
8307
18540
63690
4408
59891
57388
45055
10167
21399
10029
15122
10104
76994
28029
77481
38418
26467
28325
14951
42526
29290
15702
47534
20716
33856
66316
66824
68903
25997
51845
28520
71285
31963
344
71481
65392
17987
78976
57445
54886
48799
24816
9077
56998
26544
14144
14872
58775
43295
11449
76969
7859
40963
53523
19568
16677
54239
15785
27339
69334
65387
48592
65741
10852
43973
26253
50340
57894
8424
13952
49951
65287
47272
3018
12386
53020
79987
18203
1544
58617
65795
1578
18313
65623
62912
50276
49678
58333
52758
36651
29096
21894
28461
32125
6161
6117
17370
76934
60134
28295
58816
41492
8135
3952
17339
17759
79784
20714
64544
42639
45628
60824
71522
8327
39150
5539
12384
34051
2225
22961
30343
50550
63076
15483
3569
24418
71571
48906
4613
24763
22000
12138
78686
34482
26458
45790
4244
8677
32291
48321
58754
74753
51681
31002
17390
69887
48538
69238
24959
37378
22554
28975
63552
21648
68398
24007
59816
37219
5207
58208
76496
34084
49371
61357
46392
61118
27116
34718
77600
25906
18368
16667
9361
29573
75266
65115
19137
29971
73905
35921
11658
3145
49619
78157
4449
21124
13306
43304
77845
61384
27275
10750
50760
39410
38094
55562
24404
4162
52874
72051
16
19064
5628
59495
33723
76699
37646
75619
8836
71827
45241
28052
74206
55622
51316
58224
28638
58100
217
29209
43672
55038
59249
78075
8797
45849
48284
26183
78132
10054
2339
28488
42619
17754
61991
68161
20537
41055
56637
61268
51726
37911
1974
46323
63710
14914
67114
67222
44481
58540
47067
34984
35071
75627
24079
4753
20956
75038
31948
46763
46479
53642
58542
32610
75059
23039
24409
72590
33110
20179
78497
162
37792
26802
63028
6544
56322
23406
42388
71107
48593
26803
39001
64821
60258
16674
17644
51248
32744
78058
56039
54461
72024
26408
2753
78159
58308
62421
5576
18069
54141
27843
1293
37557
8686
45148
14437
12675
9875
53666
73835
65864
9472
65050
65605
15711
35791
13567
31459
52349
65216
3417
11067
68321
27357
18497
64715
34928
15571
28035
52867
29755
9735
68149
6869
63517
46556
20322
46068
51806
77018
27203
34086
64189
51034
15243
61313
59092
27213
52979
54685
47065
73793
32431
9080
4374
71160
54299
24875
3058
15846
3336
11129
59590
22845
67628
53497
16557
42839
31181
54314
24732
50131
42686
35656
3800
14023
37200
50113
47134
24776
39305
54538
27209
72321
44254
20912
60661
38179
73188
28985
48651
48717
18992
38287
31458
25054
20477
75348
21919
52516
20664
74227
55325
64086
48164
60215
24664
5033
45479
7072
28171
40710
11061
36426
73154
35106
49299
66660
78250
68535
27658
42154
7903
4405
25622
3
12153
37991
23212
44205
13018
59823
61509
56275
76458
26476
19202
42510
3219
25462
45023
78789
10830
24566
40591
18485
28522
14167
71719
37419
2476
69393
66768
16170
24053
17377
56939
48437
66116
58666
26334
18668
65929
69909
5406
75942
68211
38068
32011
12622
748
41935
61065
2938
37218
61749
12447
58535
67152
29379
2122
39329
78908
16188
23004
53416
27129
7677
30832
64861
47626
58041
60917
49322
51270
60100
70522
63449
72667
74588
7882
62277
70754
1931
72408
44713
63537
74389
49871
33287
24743
57955
18154
74407
35019
19750
40367
58341
63824
53152
7622
72304
6728
7924
28364
11268
39809
8115
35703
18925
2188
21463
43320
50521
21902
16601
46669
15172
71125
297
71676
18555
78337
54190
67821
44425
33900
8231
68703
16322
79779
24682
77032
65209
25679
22268
69229
61015
32727
9912
47341
10612
29512
59687
74189
53708
21565
30854
8884
62607
64521
44283
2659
67579
4543
67534
15709
21776
31966
79574
28849
53420
71147
41680
7142
11192
15565
30163
63303
54387
67635
28886
50996
74677
64678
35038
63723
46607
54965
60867
61727
55926
65423
1714
10129
29973
45822
56449
3492
68635
40483
36679
50717
65450
7564
68124
45965
58703
28799
30830
66575
16329
4175
54212
60422
48715
4930
20176
2505
36793
46257
39529
34254
48661
42329
5733
62385
50346
35245
9312
17912
30340
71054
74136
27057
10819
62063
33124
72401
15577
71193
35025
5585
72618
46162
26250
27104
5946
45453
42551
17690
35603
19725
48328
71345
17438
59128
15431
41727
24349
64326
76202
78740
28152
35223
3739
50178
11187
4455
63779
19837
28224
35650
26297
76291
54463
43619
66315
57346
15142
19818
46589
12289
14821
76113
76343
40298
56655
66756
74351
29900
65937
41154
14185
24801
41486
25652
68764
3304
53397
461
67208
3197
36350
5715
65317
13698
29795
51603
2236
53636
41676
74611
2099
11340
29098
3080
60505
36966
68116
4461
56336
24392
15335
32788
31493
68179
62048
29458
38696
1777
54871
76212
78095
26887
75202
30023
58052
55536
69013
28332
35911
17850
60251
1174
43033
60059
10058
62154
55076
3635
60231
46838
24428
16008
33065
73117
43174
36652
539
4026
7362
43791
53298
75884
31947
48422
797
56261
75471
16547
41390
20924
1016
70431
9428
43735
192
30160
75197
75567
53860
24924
43666
67449
55617
38912
11269
71144
9893
15859
43436
23345
67897
10084
59827
34907
58472
42641
50480
47497
40658
6127
48566
6158
13226
17730
28853
39684
54056
43238
13771
41420
4098
47331
39037
47264
16433
44241
7077
30268
59626
57584
63338
42200
16052
23518
75256
781
60840
9443
75494
79241
73819
74791
9570
24796
36517
18941
55390
20461
50711
66085
63737
45025
53073
39885
38277
53990
71655
34702
15509
6533
13839
21827
21356
16923
26139
44871
19513
66686
51529
36913
44393
38926
35110
8330
20708
24520
15002
39144
77806
10610
27204
60706
61343
4235
28218
4486
59499
75399
56548
4180
24258
30085
13910
16836
77128
54332
44400
11593
28791
42224
14170
47582
55203
28024
51947
68234
11063
70032
60288
1258
29957
8573
48335
78331
53210
16866
32133
18817
76708
247
53377
33777
40192
3280
23676
10089
9811
21205
79680
22558
75277
40814
58687
44208
20517
9804
75308
59615
73297
62027
15518
60403
64627
33680
68445
56705
63369
37744
12409
56059
52438
46366
22166
9510
21814
53325
24055
16588
38832
13493
27411
78307
76650
73056
49894
11544
71697
69940
74695
19674
79045
8529
5874
76194
21483
6652
974
47510
53281
71519
47047
69773
39396
12067
11123
21360
66814
76317
76427
14337
79156
50275
79858
8404
15551
6309
41203
684
20991
74320
70566
39683
37538
945
10533
17192
67932
75588
40869
3844
67383
76476
28690
48750
28660
78114
76138
69430
70456
58046
36870
19536
9473
33583
58898
25951
53060
22818
7476
46864
37650
71377
43910
11648
58983
64870
50143
43605
37318
39274
33911
27749
78047
36335
36270
6448
18904
16508
64933
74317
8009
61992
74032
6959
79158
48785
32706
51560
66773
71290
54357
24071
47005
13331
17138
58631
1182
68877
44340
21573
60243
43819
16541
60009
64868
20402
24155
2322
4719
64913
32914
59714
54448
6315
58168
62004
47875
39193
38709
15768
68716
71796
21007
1152
32172
55751
60077
72214
67120
738
47683
23759
47404
54312
30267
23094
18959
24720
42803
42711
24755
46542
12112
32749
40841
79120
55026
40035
58125
1901
10606
51380
32881
46489
50147
62222
47231
47080
68893
4827
38776
43073
31187
59947
35295
18679
15890
59628
16749
33201
12055
2285
43510
9397
21190
59187
71180
59198
9399
23000
49585
39962
5092
36069
72448
11233
34091
60784
39588
74563
73934
16340
42905
22429
45749
30579
74207
52201
3877
22967
17105
23228
63186
55744
75436
76864
76786
1472
4797
69635
79644
60376
21257
30937
57543
39367
3503
14426
16218
49849
38002
43534
10301
60898
33102
61572
50491
9426
43461
31438
36869
14761
62073
67150
1410
77290
63388
25966
61155
16023
24626
13287
32410
67193
67550
78769
75976
68262
69870
13483
50672
71996
48417
19654
22205
56793
27535
56840
62929
11484
62159
24103
71486
70355
72831
64592
29116
22452
63270
70661
33076
39949
68907
11647
40327
3188
68940
4246
36294
62161
54777
24031
57347
5275
62726
17984
16713
52386
42555
58271
3486
9982
57243
43129
50812
63403
17910
78238
39707
3423
76071
9588
4361
40644
4379
12280
57547
69943
66632
3208
58632
67462
19924
23887
34367
68860
13233
70017
76304
3383
69514
356
57131
9561
58919
13108
39272
40875
60851
561
8052
10127
2060
25066
75298
69207
39805
66981
15727
62575
38578
60674
7404
70101
5380
27708
56982
75349
11780
59930
72996
55855
68121
28657
10161
21202
59870
62775
749
64927
31212
73994
70010
30755
48073
76041
16710
25601
59083
21319
19879
26827
48378
16719
42938
19023
1335
72111
57862
47619
54184
20699
18293
57621
7840
16157
17696
14368
62456
70734
67456
37483
68641
59403
27992
52186
47376
50573
56194
23849
11900
49648
21005
7548
64160
62411
42252
15707
70338
48482
12670
76660
52350
73622
75359
3426
19831
30136
36432
6173
77205
70704
22313
46041
45950
31601
1
54330
48685
70740
73792
62785
17274
43150
12072
47931
50995
677
79649
413
52999
18900
30818
11584
47892
33695
2815
47097
73933
42675
51223
49408
42043
39504
2542
75094
39114
71024
55468
67720
61371
15178
9254
68240
31100
70633
45053
64880
15266
19908
40500
66079
40196
36320
30837
36417
21540
28387
1289
26836
47817
49936
11330
32450
21196
78179
54080
41774
35399
19188
63214
37055
64472
48051
2814
30708
2091
43310
30625
13272
32943
4472
10130
9576
11265
65027
33161
37978
74387
52063
44961
40928
1313
11333
52197
10506
20834
23731
41855
63555
47435
55941
17556
79235
7427
32565
37764
22796
27439
72552
64244
20255
64891
25641
65884
69764
10153
69400
74129
35979
50026
57012
13394
61069
72237
18927
17063
19888
54612
75585
13463
73028
65683
74528
27547
8586
405
14713
52023
19922
1356
67488
28620
2514
40299
3461
43535
59579
78011
25745
47130
68070
44446
24440
31218
1525
74483
44729
67591
5362
41668
64103
40852
43130
47077
68889
22595
23669
67209
39277
6484
5431
56355
58850
43228
76431
18202
63259
29212
63333
51584
15595
77211
25289
19707
3936
60698
23705
63149
30941
22462
26798
64537
72086
58326
274
45033
17487
79476
21693
56466
58346
41829
29413
59320
66809
55816
74646
27179
34027
11141
16578
70591
13474
72064
73078
503
63277
65670
5097
12150
64611
72839
53528
65802
22210
59567
72737
32236
53078
34465
43308
72757
27258
61010
27917
149
73603
10575
60733
40851
29012
63973
1516
6632
48025
55178
46038
1089
7514
53338
20865
67353
27875
4978
57879
46134
36833
73685
60995
62780
41913
71027
12816
67653
31780
61370
79604
45385
13997
35427
51546
57427
62515
75546
465
43860
30805
41033
64938
3832
63639
58802
52444
10740
54308
27846
23783
46811
78417
46213
67236
63944
46751
22764
30968
54261
28710
26648
29197
37711
68646
385
13441
66448
22438
75285
27369
14266
50257
139
13481
60383
60759
51435
52503
39654
60044
61090
29281
26881
29986
13671
57223
39125
51814
67084
79394
77854
24245
28205
8437
69140
34562
7147
59960
3509
4645
54204
55347
72702
37037
62864
39271
70844
55862
78682
61733
77954
33937
32429
75715
24479
34863
79212
16110
4391
68318
6121
48913
46521
12692
47573
42020
65213
31792
58044
64238
78778
49719
73003
26229
61963
6880
62022
64470
6343
14908
44004
78252
14228
69789
21425
42599
50125
41344
23807
64424
51992
8373
12817
55961
17139
3120
77251
32726
28316
11496
60788
10474
62337
61227
5016
1432
4021
15067
16184
15443
34773
74920
48595
47953
77615
49728
63397
4068
40811
68144
75822
44441
70345
55200
59706
37581
69761
3043
74723
71901
20739
50566
57608
8880
62817
13616
2929
2269
2982
61739
30690
26907
31251
60401
25589
70621
41211
9805
418
65813
43742
65263
7630
54503
908
68727
42710
17798
14128
31132
10180
9528
13908
50727
9202
20258
76176
72066
38066
59025
48481
12257
40427
10064
78499
8192
196
27976
79636
30434
54707
69740
20328
19348
19139
19988
78969
46278
14756
8823
57021
146
39661
23213
49880
38689
26140
40207
56234
54930
14417
15915
16168
73548
74149
76872
54572
32766
70875
70946
29254
65315
8177
76502
65960
42959
20647
60060
48153
72082
3931
34373
421
11783
44859
7563
8762
3182
42467
54074
32370
55206
21880
10112
78305
48420
42282
7507
62060
10842
141
44368
77329
60850
1024
36847
77179
48053
13275
36191
42070
42857
4219
36227
26386
23971
72495
10736
11467
71276
61617
71616
71035
59456
2939
1151
36122
34757
41402
20166
71593
76917
7203
46410
58739
31566
70390
19458
44122
2480
44239
47615
38026
68284
77035
33410
49584
66735
57676
18760
75049
14129
74171
1621
26176
4877
19414
70743
11215
57741
77640
74622
23034
53187
15287
38876
5036
48835
40414
59749
44021
56934
61199
66048
45277
33322
28144
11337
14388
66591
8625
77996
12782
17113
15849
33600
9260
4776
68057
49910
31138
11914
18041
60904
54909
31457
71232
61942
73738
40003
54925
60783
59342
59970
40652
44470
43919
3748
57276
36457
59231
2868
24919
49700
76919
13123
71419
21921
3869
27355
25454
52114
76718
59682
25566
78996
62642
59327
10710
79368
78109
34174
50472
75800
59130
25226
5383
72138
40430
2998
61974
17184
31380
56950
68496
49074
17992
6693
47599
28793
47633
38839
66526
14870
53201
58455
18464
28048
53216
57208
48311
58730
34932
74935
42642
21752
46359
63024
9498
71772
43901
45781
12570
5949
29619
62351
39734
25707
51331
37188
57632
77678
4168
78605
79252
9366
1019
60930
71108
69461
69018
23142
52286
13165
14439
71731
21400
43536
70186
73430
25241
72703
24879
28013
70145
53789
41709
40691
73116
58111
56411
52112
43896
43620
10438
51133
37942
40195
52720
54955
23981
56923
67497
29175
20372
5019
30870
24136
14610
20217
53801
20720
67318
25237
76277
79558
26039
71469
73597
14149
67113
24228
56265
3788
36005
66265
29348
40097
52096
52118
22999
74967
55585
69786
33800
69416
20329
17234
61148
49146
50948
68067
22033
4299
21443
33986
33999
55010
45925
10362
15401
23838
57498
58290
72329
3261
65930
26248
17651
44627
45652
53531
40603
46477
77418
45083
21354
54988
76703
3019
59116
54851
39447
43165
13519
79756
30289
27215
42349
76817
6873
42356
27167
23108
3890
70926
1611
30488
17483
27482
69865
28903
948
76064
58657
69768
51183
70678
45049
27131
1066
70137
17687
9842
54761
8530
59404
58534
9379
38476
71487
58787
16550
24361
27560
47707
12951
48712
4258
12203
27671
39253
31496
53502
9307
22122
31247
18066
19855
74589
71479
63839
4163
34616
65519
45659
9689
65196
17035
19322
64105
11088
74271
71136
42122
36209
44242
67351
73714
66594
28036
10295
33000
11401
51162
44805
41526
59745
51617
37688
42453
3159
38051
3098
521
27700
50440
44874
22467
22178
43142
69346
10818
37891
23584
28736
46297
46587
35681
59669
77406
35861
45365
16025
51032
56421
11100
56669
23050
23225
77020
190
49356
74328
10073
33397
57152
42515
77315
77362
52655
75054
40725
33541
39924
12315
19091
3949
56342
47131
70059
51937
21799
26488
45898
42362
48475
42387
18283
26745
43476
60543
4366
33862
31278
20080
30881
47974
9626
32221
39804
43325
23114
24427
78715
55407
31329
64278
53703
39884
65843
31320
19026
48512
42560
31190
66880
40217
25639
73681
46689
70564
78154
42378
24187
49848
74658
63999
44606
29213
73877
32087
59101
56266
14903
44309
14481
61409
11374
53725
25243
7406
65997
40055
7431
65530
13219
1509
8186
7090
58667
65300
37634
55241
31853
24197
38486
7589
9546
71322
49177
11406
75949
22290
41575
17933
78398
43958
50547
27371
7471
73018
56687
51145
46552
58348
19836
3765
68394
1874
51737
46820
73543
39440
35509
61411
78012
25877
24503
16807
12372
60336
23538
33755
21501
66547
20130
49095
79040
78049
55460
53198
6673
34486
75002
71775
20960
36608
28434
58961
4803
31941
40089
18009
76517
74442
19381
44093
294
34612
54044
71609
47902
32050
34217
77286
51552
66160
48796
5735
77266
69057
18456
30738
71220
75805
76604
6394
33873
32054
23760
28514
16425
4772
28991
76899
40383
70077
71897
66451
66289
1179
9870
22579
30228
56671
2517
65437
864
55971
10951
2491
12483
53457
75580
44182
29210
2408
78510
38322
28605
75355
57915
4245
59780
24813
38181
44197
14220
79577
76049
