101
25
2 0
19
8 6
127
12 10
34
18 15
73
26 20
98
30 27
145
32 31
70
37 36
109
44 40
113
47 46
196
51 49
219
53 52
125
72 54
79 55
22
58 57
92
61 59
38
65 64
179
67 66
241
69 68
4
76 71
90
82 80
28
85 84
187
88 86
216
93 91
23
95 94
260
97 96
87
101 99
166
104 102
217
108 105
181
115 114
228
117 116
5
119 118
81
124 123
83
128 126
103
130 129
247
133 131
254
137 134
50
143 138
78
146 144
149
150 147
154
152 151
211
155 153
139
157 156
277
160 158
13
162 161
296
165 163
11
169 168
21
172 171
35
175 173
41
182 180
148
185 183
