-1
76207
48129
85549
74215 22624
73515 22034
14278 4200
40717 4835
19155 64191
38496 6671
34724 27793
17500 1811
11941 37238
42284 62679
40499 33347
1278 57235
25410 76028
16474 69291
659 10594
45981 15603
55035 11046
8373 21199
46328 60918
29481 441
14315 75057
5064 81526
13496 73866
47970 8349
16939 27645
34054 46937
23297 17260
46888 55306
29395 52095
17979 44348
21690 26622
23202 17244
52357 53432
88573 1998
52485 9297
9615 59636
27670 22398
11300 8633
79104 33408
43145 67114
43876 39606
33958 43882
61287 14187
35945 77710
32455 60498
44696 32310
88653 28473
4356 23217
6409 38066
43204 9134
36922 11183
1092 7110
29701 50273
48319 18666
14946 52279
51244 16755
13410 902
5923 34010
84253 18022
3156 81534
5717 33425
36247 317
45354 6912
24891 81025
42978 63384
44624 44352
51325 42591
33977 66232
10476 15963
34551 40620
36009 60206
46371 37004
14143 70212
17365 64015
39024 60938
21372 48043
59176 65073
13390 51700
63173 26602
75724 48297
13020 66828
47452 54565
48346 27595
34632 7884
77975 38063
10421 9518
21226 10422
4230 58302
59335 3311
55288 60852
27012 80151
10550 49573
10674 33623
65507 609
6836 72879
18008 36377
20864 45858
10197 50598
63872 38035
43594 28038
22520 2888
35911 11631
58423 5202
8476 62442
60050 19988
84414 2129
28365 3871
19619 42083
81087 42626
36330 70014
54397 34597
77885 17819
52783 16039
9586 37848
14567 44859
11186 48031
23516 84526
22376 80960
1444 28785
39026 3586
12247 36596
31355 86692
44869 6220
28542 22071
76076 759
6228 15984
80406 3251
23794 5957
29053 43515
35429 10055
63312 60991
21392 7727
70109 5121
20058 6885
56301 70959
37354 29712
18978 57545
25571 11983
55159 61991
9023 42311
51525 54311
49685 14534
12164 10140
34210 780
40167 44580
31018 61870
73540 24569
23054 17569
11259 46099
56445 25074
28777 34737
42641 82416
16830 29064
42306 61145
6690 60890
24158 35609
66294 1797
27087 94
776 84359
18882 64848
21874 41287
11254 34327
21400 62306
76473 18539
53958 24240
39317 19205
7395 65441
56576 7114
4407 17443
37890 22265
84846 8843
25750 4213
53348 47746
41476 34850
43699 12893
38225 21027
45769 3316
32380 39738
12861 33211
66214 2650
53193 10580
39875 82387
46050 20230
21506 57354
708 52923
28045 36206
17022 27389
53571 29648
23020 23481
40232 9003
18450 19365
19956 36850
5709 21744
12858 63004
21568 5394
24745 55509
40721 42531
25953 71897
19491 74382
15729 37847
73884 21800
37910 68081
31549 10843
999 3490
18179 15290
11684 19560
57089 58535
10664 63631
30225 82878
28097 35731
27005 48945
46098 73000
6547 89229
54759 15180
1809 35542
76995 46610
54411 61850
24234 26681
20420 37511
86591 26378
53598 29236
4097 26573
12293 32177
5284 37733
53146 69704
70361 42132
9359 76340
46779 1351
30749 79640
45030 45767
63094 8442
30055 25015
32367 14027
10070 13764
20604 29776
48685 61065
6541 22775
32987 26655
28717 4903
52351 19685
57291 657
15231 1964
60779 2809
18948 28578
63288 61879
22767 87197
33580 27347
46536 9032
69456 39167
35480 739
56953 54135
76987 44327
52042 64455
25003 67566
15006 88367
34401 89215
4814 40769
4459 83382
783 48989
3505 32174
54385 24527
43558 24607
39997 80318
43137 52080
26842 69503
84408 6980
12387 36904
58052 52086
88809 12908
13977 68478
36222 42973
56495 70812
10127 61041
32411 45382
69357 57974
61939 37291
6348 64415
37020 54850
701 4229
69990 26748
9511 32816
78375 9715
77299 8553
39293 51422
24602 29314
16352 30434
71790 16044
31283 71776
73811 21754
14245 27599
58883 36585
39858 33567
29841 21251
18565 28119
82090 30891
37948 71753
89804 6898
67446 37249
75442 47813
49169 61945
11117 163
11744 48095
53518 31142
55697 47753
77980 1787
82075 7416
16807 31017
53846 28079
44266 20157
45087 58760
33488 11266
50785 14022
66435 29773
15014 61241
23538 19506
13266 88642
7054 60702
70813 14972
32328 43702
46310 39642
18497 50693
31483 8770
15802 53082
69801 35404
39675 42573
58723 37750
17643 72611
367 529
63307 894
12184 61475
6679 51465
19917 65645
33140 44274
13792 72489
21818 85194
29329 54102
52541 19007
53111 11620
5891 1878
33267 1741
6349 49104
9739 15526
16126 23581
21501 8532
46462 4081
70394 50837
59840 38997
65395 1566
11537 72634
48277 57651
20084 17765
31782 34020
68732 51638
72285 29988
5501 72790
3878 55252
31747 13847
34994 75111
8409 68335
68 30332
40639 58320
11015 33884
45784 37189
5659 31110
7437 1204
65611 42893
25852 45416
67131 25818
17121 37983
42808 60023
17444 36842
51216 32398
12060 23450
42705 57686
67658 38192
88876 19150
55457 13573
28813 34918
47929 52812
17816 9283
28961 48964
5042 65172
65113 26535
3390 73304
50977 52888
78238 49179
48905 73282
41746 27273
6433 88146
24786 38193
43307 33317
72345 7079
26781 23459
2211 60000
2285 2478
28608 10433
18589 12005
35950 990
61018 62743
72204 46414
70076 30379
67097 24256
45828 7906
496 53677
29374 14713
65503 44552
58970 65890
5751 30193
14908 22522
10920 75002
83036 37064
36542 1111
89225 18173
77614 20848
1322 9182
61698 26361
59075 22190
9471 59244
30420 13726
67486 59278
27821 15443
12904 20368
50190 56870
82484 22415
80558 16886
21486 41005
30372 88995
15641 38524
62934 9933
13900 56295
47751 47126
5493 667
13437 56909
18391 5647
33167 20767
72179 33992
29743 38993
10486 50915
21943 34242
86776 40623
67172 56331
49175 15582
11812 2917
53231 50619
28376 17399
6346 42560
57723 61619
26887 67812
65799 50781
10192 6504
35662 57546
1556 67559
38175 39782
65545 40425
46894 65568
3064 19489
14620 79332
16288 9265
67454 50024
64800 17497
21483 12070
37602 28137
33605 40501
33932 21701
6622 11261
65639 1718
737 18527
47178 39742
40450 27710
89999 17079
45835 14504
80416 3221
43101 65745
72192 4098
1220 81752
42739 27449
57929 39325
6388 57393
15246 43086
16262 2430
40869 18691
10213 42413
4030 53060
51092 69033
54881 8163
8912 48102
5942 80585
20119 27601
1952 85858
57866 43008
34878 22443
7877 4216
47959 65626
25033 24323
18870 72659
34895 75055
37269 10222
39744 60024
42070 63785
26907 65092
16773 22856
63245 34660
68986 4897
65089 59486
29554 24467
35438 39014
6294 1357
31626 89353
41473 34580
14952 74228
41215 17528
12491 31060
43940 74484
23860 20959
89742 9669
53690 36388
17055 26609
89503 25100
25130 38189
38418 16348
65981 15009
30896 9612
12833 858
18330 14469
16272 23074
63326 22988
13989 44842
43667 71382
79206 39645
27748 6083
55781 69123
89097 9789
478 48359
18603 11832
49725 7579
19307 64030
88556 34357
89940 1253
49938 48707
47990 30143
33936 13407
36139 67814
29364 22717
26804 51953
75861 16848
38471 80322
5351 36520
26670 30292
13938 15239
63062 3340
8051 51731
40438 8092
49156 39009
47754 52132
33595 27133
72906 47290
40980 57914
60880 2925
37834 14618
17857 29975
24598 41944
70172 28147
64047 45145
8738 4075
27738 88793
17711 23914
77751 40916
58357 18655
30893 35934
13906 27456
51846 18275
9899 54981
8815 28564
9534 16775
48661 4276
26470 21049
77082 19176
81010 24969
32388 11854
28584 2171
61904 44276
62133 45449
89500 16350
15409 70769
78209 38281
64396 44925
22688 52382
49840 4270
87209 5092
37664 71206
34573 5446
14747 53784
31878 29061
51732 69696
56514 35513
26611 68118
37903 56593
44976 29507
31281 33458
1494 64843
31459 24805
44902 49308
6596 39515
1661 76817
33208 38771
11056 50797
11081 70286
25435 4007
10575 20593
12666 18465
54499 37256
26688 68492
23509 9604
57636 6168
67081 60527
17182 36824
15107 7085
45985 9577
11931 67649
51498 72089
24476 63054
39215 11499
7763 80973
33357 49733
28271 36265
16904 31318
65547 42579
23094 41075
85245 18195
42288 8592
47314 48400
66635 5481
54519 14938
61365 3707
28814 87287
4036 42650
86575 31383
27948 21100
74815 28166
28730 25872
1563 57678
51249 15281
31507 49602
28662 15505
27883 2143
37468 23138
58399 66488
20738 84812
42695 55217
39272 34589
36660 32949
49089 24878
40424 47783
55906 43980
36081 9024
35900 49293
69809 32286
54920 2116
12044 55821
12445 64021
63755 38971
51844 71930
42816 16198
31827 73353
46839 73459
25644 2449
34906 52262
73378 4503
41105 5399
7361 61999
4869 580
34484 7785
56612 10288
44836 41325
67732 49887
89443 29863
37325 80694
86111 19551
87174 29749
20319 53821
55322 12736
59288 54695
49101 54494
66324 55881
47486 37250
65732 28884
55255 25877
24012 4315
64031 23382
82969 43402
14916 86007
67146 44097
60989 21571
33309 52141
73316 42630
40229 69967
83584 1890
62867 22927
67036 1540
18592 84067
373 74847
45008 72833
45845 10188
38802 76527
39488 69670
43640 21694
86607 1148
39106 28073
14464 48908
78498 16230
49121 67398
28652 18922
6745 58251
19093 83405
63372 16074
74568 30903
1756 61525
58803 47593
3949 6583
9085 39456
66995 22918
55244 34274
13000 22132
86550 15917
5070 63813
83235 22831
29921 36340
78877 15233
35744 55996
73086 28766
6820 9218
54104 54915
10482 25841
32986 13060
16622 13101
34042 14344
38982 45072
8198 36313
25585 60997
50831 64227
43329 32241
34013 75220
23457 19261
86598 2648
75312 13170
33179 30116
45757 5538
59484 7484
11777 32985
1694 80
23921 2393
47572 31674
37295 76757
34068 77609
29811 28833
37396 28427
14715 58054
61263 30128
37451 52762
56714 8032
52935 41218
17918 48293
36395 76605
45267 31860
39364 39407
50933 66018
28395 81221
37346 37928
38112 22852
5685 48704
14169 734
18836 26430
30956 71568
7715 68056
28430 33209
18374 37176
5451 3468
27756 33015
31159 63321
10334 63491
32649 66703
22947 4675
18103 29839
53723 36095
51107 47039
70168 32842
5708 13546
68302 4585
5619 78204
82201 35458
9523 65021
18115 23808
83362 33681
77768 35121
41999 47653
26334 18902
20498 71812
31378 49660
56371 50548
59234 36125
13503 35072
47584 15952
42952 7275
36549 44398
42570 29499
64249 58689
52202 22541
47453 4016
9862 23689
18798 46507
88000 3898
44280 15630
39845 31475
22292 58566
43009 61329
42689 47629
64090 14595
61392 15768
33165 82896
32525 33505
70840 12763
83520 8472
70477 20534
42423 16447
24041 74361
6661 46358
6776 74887
34417 56857
47211 32458
43031 57583
55135 2739
11751 82183
76889 43738
18897 28390
13770 65538
42456 77943
74899 27354
24116 34961
78381 45393
17141 23955
22051 10916
10755 16917
64379 16246
48052 48884
60607 4659
64171 9105
56981 57604
17693 29972
55441 18386
35490 17721
10257 52663
83556 44084
24218 62305
34904 42395
29006 53054
35477 59708
20259 22215
57073 28062
52936 15382
87936 33826
16179 66796
27715 30444
31610 20758
45421 32155
54674 69803
28749 70651
63386 24717
54066 34038
58722 37751
67645 34568
21421 7656
39857 81384
84704 6132
78093 34958
32636 54008
12611 50541
49387 27749
39073 53326
50575 44170
16836 47685
29933 68011
22428 39846
58026 34779
34163 59886
49200 33144
44723 13199
29511 84208
60330 52537
6998 59608
25803 10868
38594 3683
40611 66368
56526 14175
71191 28536
22072 64753
6293 53443
47339 39793
45625 6639
29531 55794
46739 48358
57511 46644
88936 14290
14839 48108
26839 40193
28196 43666
33137 83419
4256 68210
47364 42108
34076 30583
66137 18469
5342 50529
87552 28975
22603 80979
48233 60220
19746 51038
23439 8362
18056 30629
16496 39114
48099 71962
18860 29671
58020 58169
72952 39195
36005 66590
4566 37495
59025 53674
47157 67419
51800 13037
5546 33293
37561 69029
8706 42557
40956 35923
42499 79395
2632 41651
39825 80820
7938 31886
56335 12357
58857 1371
29178 32613
32837 58649
3452 68188
52723 14058
12215 63878
59616 32103
29553 11520
40165 64846
40114 58855
54561 22131
15153 18068
58173 38067
74589 29003
68186 57439
48575 55918
46044 57218
27366 40960
3914 38298
12946 20517
67836 35549
59002 41040
6428 17932
19090 26707
75179 34672
41253 72206
51134 11644
17113 60593
46003 48878
72272 54582
47909 78278
47169 76606
65649 59055
23400 75247
8232 21414
50640 22452
3754 81047
49070 44105
34991 55534
78131 12121
8283 2245
53228 45491
73070 46908
86993 13051
28305 53714
28713 7554
71998 15244
52470 69409
24184 64220
60403 50419
7404 38805
28744 16438
32645 38781
2662 31769
72171 41765
54119 39088
12195 24403
68172 3011
49451 30723
50930 1300
14384 21541
13809 73747
38817 86738
49356 48352
25867 19393
23663 83288
53824 16346
7169 58071
20600 47516
20979 68585
66611 17740
55057 45281
30396 58170
2160 74937
68488 26547
3524 43746
17911 50891
48408 75965
2379 41594
17887 26333
22296 41170
4455 21155
50303 20687
25163 45716
24897 56995
18855 4688
50090 2033
4225 27397
33346 22069
72961 51778
78465 15421
76882 5860
36500 15684
65637 62386
30853 75025
3269 63244
51182 58784
5674 43450
5804 19488
17276 65826
74276 4832
36809 9174
28351 26972
77480 28937
27232 34725
54487 28720
4737 46450
6629 60555
78217 31050
15249 48514
10635 3873
19336 42422
67005 22377
14817 18396
56228 47948
64062 23337
9484 10532
68141 22876
64495 53263
42433 24671
60505 37685
44258 36094
36893 16767
43188 60780
16950 24930
17913 86710
34803 30931
44303 62758
80171 33262
15836 80880
3539 82272
26328 59150
89538 26997
33967 37477
43262 59771
30804 66942
82384 4291
30410 8044
72758 13774
31629 2546
42513 34836
51650 21565
67104 20283
38191 81803
58654 48978
49149 55564
14223 62234
22347 62177
78769 524
10564 47889
50134 24245
41089 76644
13119 47922
15125 28671
34746 31972
54237 19209
2038 81849
33437 31149
89125 36516
23786 76915
9829 42275
39561 29952
7691 19415
84191 36219
65521 22056
48056 64924
28382 55481
30386 6652
66108 26353
46568 5876
43019 26053
6090 41754
48657 24143
55676 53613
70891 38325
13664 14101
4800 33814
71862 32998
3885 65351
47249 43354
38757 55211
27930 57172
41266 39860
57954 66882
8252 81440
35163 58257
39216 42802
4338 52684
46780 47348
8641 69245
59111 41322
71100 53551
41605 17702
945 69384
17003 41600
28426 82732
80174 731
17241 42494
53466 34658
13220 72395
32919 40073
80165 45146
65455 46892
66429 9883
27487 32629
48683 18883
16279 11479
36429 27916
39100 72554
54485 29311
36102 20029
34765 22867
59265 32930
17452 67298
25270 79777
89378 1974
78141 43236
54593 33159
14875 10706
19932 23218
6060 36733
40028 27555
49658 72410
88985 21399
35120 28624
36584 83736
18573 76747
17769 57770
29683 47173
49135 13766
23092 70155
43635 75977
72745 52360
20623 52226
53686 69146
18956 15084
44865 43490
10278 52000
5858 2366
3992 47263
28055 38337
73368 25511
22373 55027
58332 2333
25730 54391
75124 14181
46537 22102
74607 47236
39910 65267
27903 63369
63096 25809
71456 47187
2999 77893
79729 25685
70683 43656
23005 43452
11086 62935
40125 46389
21346 31726
19063 40092
52481 58907
26971 33046
56944 18248
70191 4461
22634 8984
17924 13349
36157 64159
5912 80878
12443 64831
16185 38463
85333 24833
27071 49045
58160 61998
54468 71295
54336 35752
36153 3149
63331 25583
38259 42899
68371 35150
34289 85586
54725 23825
43451 49168
44263 21619
47038 13670
16010 57356
2871 69815
8350 15188
70007 13556
78716 41787
449 19552
28151 62515
76362 48741
12354 9186
35006 21428
60969 37681
55725 37857
68398 32130
49266 26153
49211 36752
16859 41905
42051 28051
34709 86257
10239 10835
41242 20899
20339 77073
27612 45745
9551 17717
5992 42822
9339 48068
67246 53458
12792 47165
66316 36804
19625 784
29020 10958
30451 709
18361 23579
25148 76327
33171 3827
61495 21794
20264 10627
34650 3418
32280 22474
54804 37515
36297 39466
74913 6462
399 63472
6667 14106
2009 44252
45832 7130
31116 972
37769 86587
30875 15097
80828 17876
45696 21271
24118 32190
12218 63969
38994 5595
2293 60968
39267 65519
17585 60162
73804 8831
44521 81166
14395 42260
10072 36126
76518 29498
23179 12844
7319 51665
32235 39359
18091 29545
45602 49871
16387 57862
11370 20870
38134 89380
533 53511
47604 17668
24777 72851
7893 49435
19294 73609
73795 12284
77177 50727
17897 27128
41025 26090
48841 61426
80331 11661
45641 21173
47871 54731
37634 34722
61778 59324
4973 65650
29088 12583
29737 76480
56402 31564
45210 47244
68367 57418
44477 22221
15447 12385
34654 24419
58325 63166
40889 68912
23114 79392
88203 31697
53682 72581
24761 48051
12002 44966
63479 147
15753 53139
75162 39993
14584 15245
54230 17614
86557 27164
69710 43366
26117 22501
7633 21809
2734 62425
79438 1348
3493 41456
66361 17438
37499 56355
22899 62143
73461 54750
53607 44262
26170 16521
42742 8962
11187 74541
39095 87787
69045 45197
62622 51313
45795 41820
2584 64049
43036 19865
33858 18009
38053 11893
39540 52149
82035 6851
16517 23055
65313 1255
36436 87478
9015 48205
25147 33963
30750 45628
88 87674
24649 8674
65618 62346
26508 25118
17129 17137
58898 35656
61351 19501
11012 8613
32827 79846
35392 20435
35019 69098
2942 30117
53159 16857
42025 2495
33082 26487
60843 1288
87723 16378
44948 14109
2123 51003
48092 30899
16547 35292
45649 40754
56034 61456
62181 46812
51416 4033
54418 55308
29322 41418
84957 9072
45065 80786
18900 67931
25368 19242
25635 30022
75983 36181
58308 40378
53756 29496
12064 17522
89539 30727
48278 23925
277 35128
52167 38758
8712 12883
66578 30881
23320 5026
63539 2684
3409 71961
53591 23769
42403 53710
41009 53679
53339 10613
20131 34799
38339 34552
17450 53205
13505 39431
79277 45130
53413 22817
53969 42714
8073 1982
36417 27003
31692 40768
78487 22760
41495 64343
44460 80842
68935 48010
24909 25450
25801 56466
16623 14752
16028 5932
5632 22841
21886 17381
2375 24950
36928 80615
22067 73710
30239 44229
58555 4414
33345 54857
22968 70957
34923 50971
35056 35470
57834 32807
43152 52851
2895 16800
53634 69132
12407 9188
15721 35826
86602 35796
24865 28609
47488 78109
10178 79671
24539 84869
3094 10536
37625 34104
76903 3766
39373 87779
38509 26497
7710 33316
37246 53556
19328 17762
45303 45351
26729 46525
19937 34418
137 19042
3713 18120
33141 89771
17007 6019
14828 36652
51072 49262
61347 24491
13468 61303
11135 62531
69230 37088
5752 77562
67671 43202
13014 56478
62863 22652
61974 5043
35179 23510
15581 51729
70152 44578
61635 15576
45508 66568
50311 57769
12705 81114
22574 86080
43568 47576
29868 63223
72798 2531
42867 35836
35171 82856
25855 56687
3491 211
20365 69664
19386 4042
14316 5533
86370 8497
11875 11678
37796 73905
73421 43792
20499 52410
26476 84388
55144 14524
4985 45165
22639 87269
89085 19423
39520 22387
54403 29634
32788 62047
81040 46964
71148 50123
21362 3854
15708 31505
71263 3361
78014 3332
48342 52699
78633 8192
60405 26895
25650 14906
3720 21604
9937 18178
54766 5907
17192 40452
59610 43581
14619 2363
35886 28123
25677 58564
41344 60178
42950 5049
8444 21839
15996 65590
56460 4856
23448 56750
16285 82572
47852 9141
7914 15738
57527 21540
25656 15405
74092 11269
47591 18235
46737 43428
30395 33100
43788 60596
67175 23878
55629 50448
59164 3186
56623 6427
11602 69713
5271 72169
9929 56629
77565 43041
49209 42597
59064 20700
75250 31983
18633 5746
56872 4728
18392 19874
65083 7078
53741 43076
34205 14901
21498 52392
39274 81806
2352 54446
70081 35873
19652 36942
2526 66150
88492 19471
51219 18709
23747 84344
85453 42129
48920 52041
6767 48299
20628 34752
27567 48944
62697 7401
19665 10985
67681 15222
38223 51006
9553 14277
55277 22739
65818 52520
79714 6987
37807 30514
6756 89717
39833 22751
6884 11710
84887 31108
10152 38455
59361 27334
66911 57951
25459 24740
63863 31700
1827 37371
8805 50046
63528 41436
39201 52324
39719 17770
20214 20409
71974 26007
13449 32059
37401 77375
67988 44443
41727 62111
24093 12625
45754 41068
62115 61084
22395 9379
8859 38387
67806 58232
3320 618
12993 14724
2499 18026
57272 32391
62911 9599
32064 29727
70576 10837
22819 1885
25668 28291
8665 69931
52047 27817
9221 10474
5125 21446
16869 35643
77323 13311
89504 2856
71996 40328
47756 15746
11505 75248
45694 57453
65180 52406
85444 24038
30134 66868
55522 64095
1575 19219
65730 39081
89018 7381
27032 86849
24767 53923
55801 64587
19312 28337
6631 32938
16564 31220
79899 33944
27356 10302
41257 73780
7657 82456
38410 50746
34853 47688
77272 41317
30551 28095
34083 64806
2198 54170
4061 80930
57307 52996
29859 15866
67842 7291
56197 6608
290 59913
17155 78029
3004 3785
58768 844
46805 49143
60018 4987
57178 61872
21203 77934
78790 6810
22103 37749
24841 52251
41574 68078
61319 8705
72399 20190
11674 19126
34761 28499
11763 34001
50907 2272
39558 50173
47085 75825
36266 7251
32227 5289
50026 44873
35512 30361
18944 89666
72023 30175
36761 12857
49734 59736
20967 29039
1930 43044
66790 23752
30819 57419
19786 51939
40049 25751
37727 46717
62107 931
80131 37780
3086 65432
48708 16253
28010 64578
68433 46938
44851 70201
53155 58986
34690 9719
47607 51015
1143 78323
22535 16003
51165 34837
25422 84856
20889 50980
75738 10803
24954 29820
3867 85133
452 56875
49409 62582
17379 83546
64248 18588
22560 83955
53676 1327
30580 51480
22545 78559
42286 49929
35683 55009
1728 440
66850 30546
42627 32815
20712 46108
3830 50658
27417 4048
472 196
10341 67428
53659 42231
31319 26199
45531 57847
59394 52201
39703 60408
43608 79301
26344 5270
33638 34865
82495 39141
65212 37556
12105 66217
43127 34239
21775 57756
14703 40757
37551 12151
7158 16254
6056 54760
28631 56064
63531 25200
16980 40631
3119 28979
70984 2175
32076 61385
39612 24020
38725 62056
15323 25474
1105 53933
26724 64726
42511 69434
19231 72994
51956 58047
11802 21530
17269 43206
53863 46668
67762 38240
55594 24016
32127 26870
13968 37012
13337 46579
66979 20634
33766 31859
78682 32610
5727 40964
28868 89345
29415 9115
53108 75447
27002 53045
69673 24831
41575 68480
34560 10357
60139 50091
71218 53535
70147 10038
6645 88486
87862 17453
70383 32906
20884 73840
31703 55908
11683 49038
53048 46570
57645 33001
12198 81600
17534 27719
45912 56384
33598 40495
51492 76056
52305 44890
5298 9698
61379 65720
2619 81200
23870 36847
1458 37148
74601 19119
3412 81079
53392 66855
252 23862
49383 64837
78369 19260
32627 19530
8977 52128
28557 83387
45993 7672
4043 83404
18763 56996
23982 41749
12779 41458
36479 89383
79809 20693
76373 9368
35669 10507
957 11578
44058 19478
30316 28401
39202 62668
59979 44841
7497 19437
41165 22820
49768 37618
201 76988
79544 9456
22059 58687
28085 3612
72080 47771
9420 88540
69671 296
54912 49183
39994 81723
6242 16151
48677 11305
73065 26660
67628 58192
57737 68430
12348 30304
53247 69022
17982 29992
69915 44247
11395 49372
29438 41906
76808 28313
35597 42350
74714 18969
88136 17837
42248 14822
3444 83766
24723 87576
44302 24271
44240 26273
28201 37731
74068 855
52622 31926
14352 87741
40189 42125
80025 1983
51123 59447
32402 47507
44513 71006
8072 63305
64672 51093
48719 31545
37045 36323
88161 12540
75177 26780
70927 20704
22217 52191
11622 18680
37878 75454
2548 66955
10619 77877
15208 77156
86461 23182
27971 19520
23480 82415
16050 76991
54871 43290
26874 2661
52346 28162
53470 60361
46047 78713
34713 64673
38265 36183
38216 30718
81452 22336
30698 70083
72500 30761
43538 20092
73053 6971
37052 42206
31113 83990
79236 19816
33204 17739
14763 73166
29875 3692
39122 33778
3607 9039
38020 15525
84958 27910
19950 60100
76210 5596
27885 52400
38368 5341
80422 25360
85054 11543
23341 43883
82196 21957
77721 29891
8388 76277
55195 36864
62560 61284
11421 43873
3188 4417
89574 20990
25468 10716
70855 30868
46163 66938
28969 85686
37639 67642
21954 3276
45817 14827
71170 635
5740 86011
76019 7669
50875 34825
72700 27276
84881 33253
79371 22957
72741 38827
71886 26386
69318 626
49204 14515
60544 11868
2975 55077
71245 44183
52077 7923
70673 57587
24875 402
61436 66073
34821 21139
77957 6539
34322 63195
66941 15493
40183 53648
39656 25156
3635 80060
70932 36817
36413 312
75586 859
10135 69753
69911 34955
79975 9120
19538 78919
85431 39663
69232 10002
38102 7779
64701 17431
7500 62127
12483 70797
46787 65991
39926 79251
33032 4983
6972 35000
37521 27425
2469 84167
1652 2088
67874 4211
2271 68435
6204 21797
27150 23286
67037 44544
3649 4549
47673 34031
42535 21512
3931 74040
27655 45228
6835 50420
46258 66847
64335 38777
88034 22414
24312 73370
736 41751
77479 12140
27405 83963
69549 4963
10272 64087
80300 42629
38481 24758
61997 10524
83947 6043
31462 44087
48587 57925
4798 75799
57626 43069
8542 24583
4305 69284
27868 59476
29476 67744
80400 19690
15847 26740
24905 37483
69813 38011
60181 60885
41289 15913
21390 45340
47968 28590
14936 44180
54367 14790
43528 50250
4573 31535
27909 54945
86505 35651
46359 61410
15380 12987
50326 67492
75222 17134
70209 44365
61069 58486
49593 4133
29768 23110
64235 27125
45668 1302
67631 30105
57817 38402
45088 40155
35898 55458
5660 47136
42317 25348
2386 23954
23474 84476
22952 63877
33146 82515
54617 42356
22776 58610
9515 38547
58650 58927
35223 49161
36035 81568
55750 61242
84582 18999
31440 68906
46742 81394
43975 53425
33699 75468
67827 41064
29134 49034
72861 51780
45026 4639
9697 62129
53106 37391
13824 88593
10269 20627
1744 43542
37306 36769
34445 61299
45898 43341
55433 69028
61213 62316
39824 1404
59911 9169
22499 57056
37830 82599
74975 41757
78859 41291
4284 4363
56949 33352
34051 19524
9502 32240
86355 35965
4603 87854
16290 32434
81868 38135
15241 9952
32472 18412
71980 18047
16708 39075
21269 68539
17152 19476
72685 4129
64514 56356
71608 7502
12565 69865
27849 81573
36567 30628
65405 11723
3454 80814
87245 39947
74540 35337
32736 88536
82953 21216
72797 38126
20295 185
71924 8295
7353 2401
29516 87110
37899 65031
21426 3414
65664 12210
1598 89398
42054 67459
69130 44729
23284 30597
32927 83610
76664 11919
59053 3598
13632 27594
41449 35771
72923 55036
64820 28223
32405 74681
18196 60759
7387 56632
6406 45082
43074 28843
12431 26634
76688 41661
63355 28140
66396 58168
75602 25433
33569 82843
35416 39906
79344 41014
1696 7329
54842 68159
1967 55011
69627 25456
26279 86991
29503 11842
27330 51496
85321 35170
13393 35309
47111 17223
55024 6678
32024 85498
2024 63251
9666 40821
89506 15410
28593 39397
5376 64459
75624 17517
7236 12067
88509 39731
81624 5699
16691 82164
75197 22572
7196 78450
73543 40070
28059 85602
39113 38694
72774 45704
89635 4241
50149 66967
86960 40295
59061 47643
42991 40006
67445 41828
64339 24200
5427 80355
41877 72667
80198 8258
62970 65633
33446 32270
51916 14426
57852 70010
70320 48505
19511 37627
70431 448
66945 32847
32416 33392
11922 71650
11825 26228
32566 83153
41520 7608
70110 25397
85073 27097
45713 46657
36742 13783
40121 16059
29582 13510
33272 62901
11432 37969
88272 11519
4049 52293
51980 46957
60896 32004
73605 5354
8650 57150
65740 10767
61628 64437
57310 36217
86859 40219
2839 63106
58106 7542
31757 70396
51677 76494
18141 23406
51078 22293
46533 44773
37033 60571
21064 20581
35452 6908
34427 48560
17231 30717
33676 14691
66713 22558
49446 4311
85090 19449
54472 38658
65812 9139
68913 50845
13852 52489
16462 30446
56816 40347
79992 44168
82785 17703
88725 17782
20122 63076
1859 62868
57168 29041
55437 37982
64784 26381
81619 24276
80003 25183
1257 27509
9264 70523
71488 53098
12256 5796
46905 54524
51364 36480
37981 26106
53845 15178
56665 40859
9665 9775
73129 39124
37266 32266
64450 59508
80327 23081
2637 65348
74132 51254
46209 1966
52088 57463
80600 35200
10570 59751
41921 44399
30114 79479
38439 52892
51944 20193
9889 41942
25896 76515
79087 17083
7286 30774
79594 23134
25431 88163
27057 27052
27647 74631
16311 15300
38793 3403
65687 26704
14274 78391
56943 66638
21388 59089
31053 85071
53190 63570
22305 30690
56261 13010
32931 71769
337 87871
84036 1025
50146 63458
57127 24789
13703 86311
49571 33864
80108 28762
37614 81590
51181 9360
72143 37070
28464 71033
61558 51920
18796 63674
34238 57875
34158 18216
47899 3155
32340 10795
27065 39269
331 68904
6146 47997
74038 39828
51005 908
54824 61604
82557 38420
64715 9843
78018 2099
46433 1352
50099 73123
27854 42372
6152 40884
38894 9710
35811 70234
12113 38378
81900 34774
42561 53873
50546 56718
39245 62828
37270 6953
82490 39361
27469 46014
42974 64138
87656 38426
19847 3040
43047 79005
35252 85678
89382 2891
3271 61369
15610 71722
15395 80891
51893 24231
12379 59972
48222 19339
67483 27829
22208 44695
74419 1066
51572 71700
7844 64085
49797 59341
23111 50147
13231 70306
8850 54802
44594 67678
5824 62167
4844 67667
31895 68244
58744 3324
57389 45370
46121 51228
35875 19918
33350 54650
41054 66702
10881 58065
27216 73927
51378 31099
77101 44871
42180 78672
3177 9081
62100 54557
78956 20138
13957 832
1311 67412
55044 49194
87271 19761
32085 10900
4123 243
27173 23616
89480 16996
67818 7535
37864 3891
26426 61211
41004 32967
19850 40368
35984 62748
74126 48491
64051 39930
3044 60680
22839 73220
71180 42683
52913 41249
38263 89425
43651 16878
30829 63065
51436 22039
51274 55239
78075 37191
34017 81053
49364 36756
10605 64449
30876 3446
13944 39700
13067 19947
6964 39873
59685 59865
30741 85160
61183 62397
26459 36060
59171 42611
6749 69783
81610 13918
5365 27225
9049 34440
20942 15929
27072 4888
23704 50035
31996 48538
43780 36877
6238 88837
2373 69056
40704 65198
54343 15214
80543 18585
19398 81000
30783 53884
44179 10514
16986 80161
71674 29526
5987 64206
29177 5920
28373 61840
22197 48798
70367 23770
22890 3625
12490 8287
52735 59435
52866 51035
53493 30559
70299 20792
49740 1320
40461 38027
15926 63983
83777 1071
11852 57120
24326 15219
79765 8089
83340 32922
20051 35238
47062 18635
10556 12575
74424 27566
26427 439
5082 20448
50801 69988
20705 42346
13077 1610
41996 1591
31243 810
31980 23946
60141 26831
30646 20257
78913 27067
72938 13568
39145 84042
40591 79738
78923 38713
42501 78526
43056 3392
1644 83982
18428 60901
87226 9927
18766 62405
8867 39576
25047 13175
71748 1109
678 70762
37243 18169
3022 26814
69078 39250
27172 71106
4605 54933
7941 6275
72515 1872
54407 66576
59339 44940
61857 24582
43890 19519
9879 73152
8488 78722
49947 34040
31480 30357
5449 83818
20189 71573
25002 15003
42562 19118
80427 3211
46041 9055
54182 49398
9153 77310
2936 59664
53456 1064
3575 4898
16224 24324
18868 68811
35051 18289
86267 26591
48653 68039
5783 64699
23323 2535
18759 38696
81465 2517
309 59407
34721 69771
20014 2859
30085 12103
26340 65880
53585 59529
6619 57113
76815 1518
16508 55831
56148 47798
24192 81481
62893 14669
55072 48013
79368 36052
11834 35184
21030 42793
87364 38108
14013 55735
32418 10878
47724 10299
28257 66388
58085 62840
47288 69153
20454 81798
70410 7642
43504 55819
75482 11900
64908 60409
24855 1960
17252 43669
38492 30890
54188 55706
75484 45872
41043 6105
20790 25797
61478 53552
7267 34782
74390 48566
56710 2128
47514 75685
57358 8150
13539 26853
55096 41783
5414 75667
49049 67134
58977 24
1578 48772
9731 60608
81940 42477
83595 7014
68761 29371
17446 78839
66666 47368
30887 62448
66151 10877
40279 55098
42923 59132
3941 63643
31231 13501
34064 8237
18427 62185
13162 5039
2458 72977
31211 16420
4662 16338
7081 74803
32521 10461
64765 41838
28678 16332
13135 15644
41475 21652
21091 41494
25454 34011
53215 18229
59810 15223
56112 65593
86463 24912
85843 32809
28600 29480
70223 7918
20204 19647
72014 32015
2731 46776
50275 12457
39150 24546
12323 21790
48933 27288
52291 72210
48843 27066
32464 89579
78711 25152
1775 36984
680 63184
81086 24497
74316 41851
89973 15850
9327 79694
54870 42368
52161 13147
37154 49214
36802 85033
52206 7506
2338 32065
49265 52335
57644 68331
11713 69726
115 79280
66285 7350
16724 52976
30311 27968
77589 12969
53684 28127
88519 11681
21314 3286
14889 2020
64462 2364
43358 7653
15707 48998
58193 50690
88756 964
57094 25943
2314 62825
29224 12949
40879 62955
24082 13949
73183 55738
51609 41169
13843 1103
37917 22028
35495 65623
13171 61184
7410 17066
10496 53762
36440 10427
42022 1698
8431 26911
15171 6431
69666 9437
76890 25652
41658 16571
4339 57219
40363 12829
19653 62098
15 72314
49174 23851
16556 26174
55683 71504
52989 2800
24111 54483
47596 32693
59550 15043
45359 55555
15553 22729
63091 28277
18688 29221
70789 51442
65863 29393
66839 49
87125 23949
17984 43422
36867 44734
25824 62153
25826 83760
27346 47134
87816 8838
73731 8099
59331 13864
61309 45317
62036 54764
61010 4025
23951 24174
336 66246
79536 30007
87761 10508
7211 59970
20246 76199
77924 46906
27298 2288
41134 47367
85501 41852
69995 50633
48812 12607
86857 18924
80339 25783
32061 75490
30449 15921
11638 62380
63832 60118
51501 8615
4635 56856
27393 11720
24176 82414
44675 24813
83549 17959
81249 27996
64736 26489
6407 12556
53814 56373
39796 50791
65768 32609
82070 32596
28348 75462
16488 86109
22723 44098
4377 44133
76021 26534
74983 13339
48553 46523
36618 88552
71145 23241
42296 51354
20679 23189
7744 24426
87588 25517
49219 38512
24755 38749
31755 73900
63456 11746
65856 11113
20837 39933
78005 11908
25958 54605
68596 750
27576 35382
44821 69341
21516 58822
27428 86473
15520 18609
51833 49698
58333 36535
15206 17369
5356 76388
48629 26967
12220 62258
40337 14333
88839 19234
1667 64859
20861 30852
19051 82061
19735 66572
28138 14675
40927 4193
62060 18013
48868 73898
921 9415
646 84745
32969 151
20876 25759
34784 17371
52740 5566
58595 1997
22249 32723
30200 18319
14325 1394
58720 1461
11154 16072
25775 33813
89867 23888
6706 57523
78434 10396
46344 49759
60757 49349
37196 61721
48325 15598
66983 2506
47931 23671
88805 4592
8826 38156
20729 50479
40050 79888
68824 14424
54957 59780
44958 3986
23753 51759
22922 51455
14491 82930
35249 79517
13225 46767
18147 87374
64400 20582
2593 84831
11595 9355
63089 38394
11139 36570
27622 39131
47104 64275
71381 41898
76503 48864
5490 51128
21963 46521
37932 60786
59683 67721
20364 86597
54502 45241
5078 65555
4553 10963
88691 15588
58833 11065
56721 55560
17871 27611
31316 21340
32568 68771
82794 33307
27193 36768
23995 66173
76781 14732
21491 76908
40247 45890
89794 12232
3570 71683
33670 4702
17679 40179
73982 1417
30000 19473
14152 43777
66231 44577
14571 56057
39454 73743
31406 36142
4495 47674
89818 20908
54306 2227
89304 9752
69938 50392
41606 79815
17833 51612
21296 84775
39530 80610
26169 44143
18726 89811
50365 34260
30422 62428
1596 40598
42176 15681
14452 71079
77429 38928
23569 52058
73566 46635
16602 53916
76000 5495
32656 64251
81403 30126
53950 30383
74206 29759
62986 31817
23144 70363
80296 15619
43339 18826
66631 47622
79306 2392
80320 12231
6020 23960
57062 43309
550 44322
46180 77693
18408 88961
9605 49792
69581 38954
39687 47937
29564 5456
23066 44760
17393 87274
9771 60394
20028 85616
21901 61439
56770 56801
60221 34234
36024 24146
27085 72829
86003 1449
5651 53612
43079 58928
3579 14730
53877 17785
49770 39958
76619 27320
58000 35781
84303 30086
56379 11772
16967 55352
206 17228
83904 33484
3775 25887
70857 1653
70338 15392
49056 58619
80869 27510
42271 74547
3945 5413
76295 50942
73703 14226
20120 67496
71765 27480
14276 64613
42521 74632
18420 18044
53818 30399
52800 1893
14613 60463
29495 2696
15008 27632
45950 61667
39792 21887
26942 87834
60923 9207
63460 25814
25278 13883
48750 74066
23947 75414
83237 26073
13282 41784
4827 72733
33571 63617
19130 60951
12474 23356
46249 8379
9298 20089
73162 25223
63142 35820
52326 68095
33589 6552
28330 56614
8919 25723
24563 62350
85546 25303
33236 20664
42825 47533
54253 32773
55578 35705
87884 27991
46338 39698
16459 73009
39717 26365
53094 54201
26665 3124
7876 25239
65050 52233
75833 25961
22370 61498
17616 20575
11771 46130
29998 59528
81054 27082
68924 7696
46726 67329
51084 47109
71982 55297
51445 66919
1593 12108
57287 39045
57924 69512
75729 48959
49450 76180
3704 24522
31615 50388
58339 39811
73169 39630
50063 66720
38312 42949
10012 27100
70881 42077
43944 71222
27531 84373
66999 32372
29005 7587
19773 17348
34147 6591
49163 78556
16563 25001
66458 3577
31085 84248
10518 28248
16794 82561
60189 47828
58426 12582
60079 59841
54186 59290
21597 86963
24665 671
19940 32468
79855 1116
55853 3678
46139 23131
54685 30015
13557 48728
47327 46056
6697 10499
12770 5684
3329 36730
37127 21615
67551 16250
29382 87857
60275 4319
68273 25993
53826 46703
16591 40474
56984 23571
49092 60658
17318 32550
43978 72558
44331 63568
8735 81356
28040 11974
75550 37993
3368 28950
12626 53785
29172 46638
25568 85811
88450 14610
31270 45355
64345 11907
57230 5441
59961 36854
3319 45923
83751 3966
21830 2750
35040 50087
40372 24871
2708 15172
31932 7534
75364 1470
48545 80236
37886 88643
45092 38243
52841 57481
24461 62423
68633 24852
46034 49068
54898 54960
18080 3206
37037 16037
49023 34932
31852 48455
253 86545
40394 75668
38252 22907
51145 9642
33143 86773
49076 3765
38711 85940
19911 14322
25103 84115
40186 41240
4716 18989
47630 26044
76560 43285
31870 3893
25366 26592
5496 27624
28213 2316
19836 27148
14600 32700
42637 21691
16318 10762
18731 9222
17019 82344
7631 53832
33126 80384
25672 45493
18851 3581
33546 37247
68068 17612
23464 47836
36937 63803
42550 63473
41712 47500
36389 19663
44961 20735
70273 19507
89263 37692
7006 68654
12142 79604
53496 1375
65167 27069
19049 42936
23903 49620
68888 51186
25192 57380
61286 49386
38458 31039
74687 32608
65365 39310
52617 33133
19514 42672
57584 25030
36968 26745
53646 3706
38986 62762
58769 51518
81175 33415
59400 66998
27682 56766
6059 29212
23035 66885
23844 5335
63667 13462
45386 57289
77665 15297
35119 48150
66679 3146
28824 69924
71073 6382
16962 38615
24847 17692
37591 8324
22515 8199
11653 11120
44237 9865
24328 84880
50338 29930
54752 1212
65382 11850
7340 61476
88130 8416
31075 84809
22368 66247
28861 47704
65389 43068
46563 8957
75114 38808
46023 53300
89420 19718
76020 9077
71304 56533
10110 4323
21284 31836
20185 13071
62298 12795
13892 85200
88391 5126
74622 23061
36446 26372
52802 57846
52260 3855
28752 53776
72969 20150
4738 53216
37157 35046
50312 31869
50710 72904
13967 37241
51949 28863
78538 37836
50638 72267
21333 44573
28435 56305
60574 49172
65219 8200
71544 34741
9170 8425
30886 12476
40587 50068
82290 26288
79303 14364
43343 42886
89486 11715
8158 84182
55726 8325
14410 50005
66993 55444
2790 56171
7781 68571
5698 30492
73365 4751
55160 8930
26445 83511
74229 15345
2760 88670
79598 47179
49133 188
66194 22486
49255 56158
65401 46714
21602 87915
10209 52580
4178 44523
44584 50175
78515 3092
82607 9508
79732 6985
14821 55717
23540 63342
37263 61269
8215 23473
28498 57891
21859 4188
34870 70301
89222 30542
71181 24439
71545 44979
35743 69571
66090 10639
45139 62589
69708 15864
29876 64666
65660 2475
73308 23989
28370 32994
19062 40978
25288 2260
11271 6223
77133 51526
16282 29567
27874 43244
17062 61136
3829 25753
13425 20148
36647 35195
26746 22167
59928 16218
895 16255
17429 14438
19295 85548
16181 31689
88198 11264
87388 9853
23981 80517
59732 68476
53889 16850
4247 20964
45489 55592
28441 80282
53356 55703
1909 57058
61429 56105
55165 25621
17690 65725
75066 46873
38563 68076
20879 74144
64060 15148
62939 41551
50626 49834
13235 40483
4733 81662
52757 6517
4550 11312
34631 33336
1881 84262
77617 9172
83208 45431
31684 19121
5896 83989
83875 105
64511 30241
84511 21098
75141 35324
69043 50321
10301 59559
32984 35107
13729 32865
2837 30567
55544 25851
5215 8763
627 47319
15377 71640
55730 9765
39644 65950
40156 74395
28128 11035
55912 65842
32684 65669
87342 9856
86757 29907
68083 26348
4808 81726
9734 10205
19944 58796
16576 55164
6432 58517
13238 10380
55944 52638
52 26625
7058 1580
22531 56256
35272 89683
26408 10772
66891 42519
79890 25276
60573 49009
9035 88286
26109 42873
40294 45202
42966 23732
9000 64005
73908 40839
32734 54781
35714 53038
89009 38370
61134 26148
45212 66918
39416 8654
38415 40172
33503 13871
22035 56956
13062 86206
79289 5590
77677 36328
51220 54506
84699 15933
48641 2111
30269 89133
15466 88349
9981 58638
3387 61298
30812 33217
62712 194
25013 23299
47245 32114
577 37823
62311 311
28514 65976
77890 12365
68944 42112
39198 71178
38688 1792
29693 8541
45069 8096
58349 21961
40921 81791
13711 38889
34935 45123
11849 79007
380 79073
43400 65566
46494 53391
71450 30161
45078 46455
5544 17357
12193 1339
12235 63650
64958 40540
17838 62563
42778 11522
30525 52184
5775 758
50106 14021
75351 24130
57250 12135
50015 60128
8744 34838
10829 78784
36194 46600
40577 27547
75100 22020
41261 30900
22030 69458
49397 18107
10694 10620
39534 49534
44423 58094
749 44425
2558 78201
10089 3721
44496 77327
28228 17874
67048 31395
28904 9341
3254 83412
1486 10789
16944 9838
35325 46997
70285 6695
1815 67598
85161 7793
24559 22582
29276 14281
12169 35334
40034 61115
3569 73834
50744 43894
74494 45755
68506 13094
20175 64502
47241 1232
16936 76091
87567 9764
26047 51029
36780 77898
48528 55689
46283 40987
55137 57304
43477 69064
38275 22317
70271 43095
82644 5885
32993 6106
67613 13424
81518 4500
40599 67610
31914 52064
66131 32526
47652 75995
56976 3882
22161 48593
42598 73657
49776 16574
15596 86429
60196 43176
2275 67285
74645 15232
46590 22697
38775 67813
73112 19027
26705 39350
45726 72802
6764 89662
38531 60065
32669 46863
39983 62467
38408 81675
10764 37265
86814 6544
72598 55302
2125 88916
35025 71062
48608 54553
49464 75190
79795 27554
55390 51490
44172 44817
12891 62649
64321 39615
23130 56419
20692 78702
32297 5319
61745 60348
60164 44350
6066 76800
26 71654
26678 67145
23079 33056
78156 40557
78920 18672
56037 16752
73184 9554
14214 82606
82435 44387
24821 64322
60352 31879
21419 44875
26719 38086
35036 75261
30153 88604
24845 78565
57123 52804
28396 60154
2259 58098
37708 40109
59759 49461
20937 61192
1612 22165
42593 20426
44648 74256
63035 61528
25996 3187
34643 89735
76783 51383
25503 52333
89842 31579
54622 67817
75078 52966
71899 32820
37805 34266
31321 11208
40182 63833
2683 47976
12134 74095
20202 70046
27813 89151
9959 27162
35483 9653
50560 68678
7835 4881
45942 48925
88602 32664
23953 77766
9124 85170
69842 48799
70371 2287
34979 73232
51633 63174
45703 83222
4691 83541
4203 195
42868 82202
17940 64724
23484 32109
30939 44641
7366 33388
40465 17154
47147 42331
22733 86024
8793 76764
6716 52914
12804 19720
15783 23599
43698 83180
49638 66352
74833 16362
56758 29497
44389 31892
26276 8811
8024 26088
20494 21306
76917 4232
72799 29662
8985 79659
34185 2962
47743 53160
2556 22771
35544 28768
46322 48911
71027 46137
62403 21287
73911 20970
66803 16361
63407 13975
87351 37761
56517 6710
73707 16242
41818 70725
65350 62155
81379 43751
3578 23351
6672 4142
83290 24974
24742 70736
23875 60252
27515 77366
60944 39349
5344 76718
45350 53485
23907 30382
13126 26263
75912 41764
78411 13657
57943 60476
68896 56609
82907 35443
32766 36160
45523 27377
25920 14421
27723 64476
13631 5473
74642 14751
60727 31393
26108 67495
87693 3902
71967 15530
12654 53512
31529 87977
38381 54474
5400 47313
22100 80399
81251 41750
7469 87868
31027 64041
32527 66117
23797 2312
1479 6560
67208 40715
61618 52887
21986 28918
19470 87265
58138 41101
10793 61958
77362 34258
44795 764
64499 720
44680 79814
60042 29914
7218 8525
10643 12663
38442 82091
33028 58078
74912 44529
19787 36294
13258 79184
30792 40625
21603 40795
75342 27016
9580 8893
36829 33779
25249 12073
24498 77584
29462 25219
13024 66490
46766 21264
11063 75899
56575 70821
28946 78858
51962 5418
45562 40255
24500 14794
9101 37443
27888 86881
35263 41982
44850 1091
60488 37185
46152 77315
28836 36901
64350 61530
22549 45264
28632 87135
42421 27890
68662 5391
45852 34336
4785 7875
17757 19512
64208 13980
63881 62054
8808 63892
50260 51585
52876 59258
62262 16772
88490 13426
3195 85868
39286 79631
44294 57438
23231 72809
47232 62562
37159 67307
84910 15956
59434 28932
52327 21397
43172 84925
29217 83925
36860 54579
15062 22070
4095 85815
75330 41478
88504 30870
10293 35622
35486 71315
29981 23774
25388 85720
87191 4782
49864 34548
22357 79238
28214 41117
5976 38064
34221 2396
84196 6395
62881 16177
34457 79805
9084 38483
27110 44464
64016 57979
7230 84597
86925 26358
64912 42379
51464 37248
608 21592
69145 29383
9954 55818
52285 76288
3593 82181
8007 68945
69337 9717
26742 39437
7467 67925
55004 35034
88527 12871
51429 42330
54017 47432
89741 20860
62950 59850
80980 10946
47349 78837
49816 16797
22613 39217
53264 73125
