1998
49841
76378
14225
46962
71674
15863
2775
42165
58868
43262
44097
58341
79003
54854
48204
7743
9707
39241
25579
34934
76952
26443
74586
43651
9017
58829
12521
59439
61633
24092
27170
17352
19688
1844
42019
40986
32183
9857
21080
33416
62781
32924
15128
17317
64080
29409
18853
62565
46741
78504
6081
47711
79423
7808
17188
26010
32112
62901
68966
29793
13868
52332
16156
11458
26623
30607
32503
68820
7794
65897
309
41365
48407
51714
16575
51046
62700
75148
6883
38722
40704
76389
45470
51120
27780
69943
43217
979
14098
56111
26777
6523
77734
44671
50708
70090
62644
49385
13347
44649
74687
59685
20581
44169
24807
10853
10056
73495
56790
22820
72402
79736
22924
320
53256
57893
51273
42687
22388
32614
42645
44326
38985
28445
47944
66293
54903
46333
26348
53103
7509
7914
20597
51634
75121
60013
69978
48083
38068
57924
60939
20672
14844
53448
32133
2088
43592
43216
38662
35354
57904
1245
36316
75208
67136
67397
21363
34000
37057
63037
23442
39499
44397
76321
56009
53498
30735
3712
20160
53373
72836
33115
60167
70589
7233
64388
23060
35641
33897
10595
1171
66376
29913
9824
57145
18934
7463
54341
43155
54325
74496
34296
10979
75744
12673
2404
59307
18899
37719
9339
399
75344
77184
47286
25561
9335
72805
63195
34264
9667
77691
69618
65884
36947
6740
42712
9040
1753
78973
73028
29319
27269
8775
62707
10071
79185
55473
79859
8533
66654
45145
71392
73591
72731
68997
5412
25113
76718
16888
68813
40025
58375
59810
69797
41378
1776
38490
42666
78527
13315
53438
17002
15898
58837
40980
72094
31457
17790
77576
61619
60636
45615
22010
53161
27472
62801
75335
15259
11038
3247
11849
32637
66500
38204
74313
68352
79427
18393
31034
31180
38733
569
78432
77310
24394
37943
50858
47587
19761
18654
41293
14205
51160
45605
16581
72718
60435
17581
77839
42643
54182
35260
16574
64306
28629
9000
50633
1605
33472
54058
22058
22854
48106
44392
52697
53328
63748
47346
20616
7697
54632
38091
79094
9950
59162
331
48426
34121
75164
66817
28570
76102
14391
34751
75201
16938
76453
12100
17172
30105
40011
62340
7116
26989
8004
77304
10154
46864
48660
9882
51249
52939
6231
55599
72382
54537
30352
15436
8355
63508
56560
39531
69331
15842
10725
27111
37585
67011
44390
71042
60236
23879
4249
77857
8108
38123
2236
71480
73303
21225
43741
30828
13964
25792
34549
33804
30925
75409
14810
37794
31088
20998
52963
54246
57169
26057
49628
46926
19137
23382
2687
69847
16096
23327
27594
8410
54167
7281
71487
38953
65505
23089
9378
64130
46421
34917
9847
28287
32108
62966
69376
79688
60145
12421
48711
26833
77280
45174
69372
4231
67290
72741
35995
4605
23903
5191
15781
51773
18926
39749
72161
15575
709
68759
58408
1638
63675
34576
15481
4405
46638
12089
76468
45361
5405
54995
73814
1443
10268
72152
50398
8591
67511
76497
38365
29038
50680
34923
53044
28670
13649
65814
15856
8443
52572
52036
25313
30536
49356
25066
18580
49491
22972
17500
56141
16014
19463
78722
23127
32363
78239
38135
11103
6335
29611
31689
56008
6104
182
68923
59091
20251
17531
73863
39351
23190
76834
2841
26628
20421
29989
30152
33767
30264
58459
23469
75189
37010
8012
73415
7569
75690
33936
9658
59569
44499
38630
21887
55248
25135
53151
42004
29945
59565
9475
8553
30008
67621
39765
28036
40729
49352
72227
52769
60041
52414
5170
28083
46317
25819
66201
50325
67535
23133
37332
61163
64614
2285
42285
61576
79611
12187
46580
44651
48253
76558
43421
43720
78699
70587
72506
24266
78966
34979
12369
17860
46427
22806
57484
23519
16116
45200
65161
47233
22331
68026
40627
20545
70748
58538
35784
79809
31404
35449
59781
60009
32718
10505
24810
14590
36781
14614
23238
34535
6649
25387
21163
13622
10436
10029
51348
35140
18725
79939
25574
55715
48945
54652
52735
18762
50425
653
58749
22216
27530
53273
5598
44108
34356
77889
28164
19857
74060
5544
34283
36129
61354
6683
52591
64692
70892
30806
62772
318
54430
21833
25793
23546
36683
42557
47016
45177
37128
22956
18530
21320
3716
2828
64049
22891
1628
15095
57959
34204
21015
72110
1163
29100
66006
47725
34438
6724
45994
27927
3394
79968
61169
74830
15025
18769
39677
583
48071
74822
10974
30778
50458
49830
40906
25874
39303
14436
59516
46528
66164
31184
39430
19106
6177
17308
19209
78297
43986
18064
13780
264
23338
33377
48521
77561
72953
21941
42979
42148
26221
75070
69389
73497
22885
24462
29693
47005
34068
16830
2564
24859
19079
75684
40695
68227
13228
8006
14780
74195
54019
32952
43752
41275
37147
76283
70290
60779
15690
24310
44761
20044
55184
29878
39054
16511
54626
63910
65840
63106
67049
52234
73813
51240
6123
74275
71807
17545
69163
23646
11973
75563
36427
38826
40883
58864
22507
5395
57600
36224
19770
66787
6871
14896
30611
6489
14323
17713
69138
2736
10162
27230
44990
52947
14041
67962
76659
13151
65603
40647
48446
16757
27221
77088
61265
21616
26092
51299
73418
45505
66922
17743
56607
43433
19982
50300
44105
22536
28358
36115
70163
8526
28671
43065
68182
15024
29761
54933
74015
61507
47864
77375
33408
62489
25471
31379
78113
24052
52170
7612
40102
12827
4047
29647
19406
76089
19084
64109
75493
46834
15015
27914
52211
77391
55370
18228
73636
30292
864
16753
34922
10427
57327
17256
72251
23832
14431
53674
42448
79798
1845
63715
28893
38603
50215
42050
37201
77457
50080
79084
34670
39177
13195
30145
67543
6066
59537
65472
54495
4016
71477
62127
51697
59120
46285
30772
12384
26536
34894
75849
14221
10030
23271
36983
49463
71620
55899
16303
52598
3959
42290
37403
65114
73948
52009
67041
77501
13475
18080
77497
36480
18328
22727
67705
68934
6516
10582
27580
1259
43838
15398
13847
8690
39828
34924
53932
50009
40401
63632
12448
45694
10704
68226
8512
4313
34229
76032
37972
40819
5757
72055
4124
27916
55042
19914
66460
17331
61644
45097
73025
41982
1686
47704
45794
37190
75779
4161
52220
33250
46667
77191
2394
75422
51436
31993
38713
36667
78562
29511
49300
25887
33640
20233
43432
38262
17013
46786
27660
17608
45364
31114
48498
31531
67427
16286
20458
57758
68351
18756
36078
66224
37593
20809
41369
48488
1044
32101
74936
281
35952
22067
31026
76136
62786
51376
66784
69764
4722
77130
34288
63184
40132
70352
11296
59587
23921
49939
52739
78201
1263
14938
4555
33156
53289
13014
38156
59493
427
10784
26993
33552
34436
24121
27802
52551
26165
45455
52358
65569
5082
1179
55034
11515
12562
38329
26647
34808
63736
72670
24719
53456
18028
26841
24076
34679
16532
60681
34953
45887
65667
24577
23928
75284
10589
1658
12107
22024
26187
63815
13378
43522
18702
46519
77752
36834
73587
45435
52966
10331
1297
44517
23385
75223
7693
12241
14998
14380
66062
20166
71749
3441
12795
71669
41669
70041
72633
30036
40838
75654
9838
30163
13407
29300
63400
14779
13443
30453
56514
21351
31590
9042
47170
4173
69719
74449
10923
46848
29938
73382
26987
54687
19698
20354
74597
7709
32849
53264
24372
61147
62980
31067
24605
48455
16648
65135
44747
76459
61184
43531
66842
50872
68165
67373
67773
34812
48777
79748
27846
30814
31497
9746
60523
56234
23557
57094
48577
70001
46891
78751
37580
45693
44020
71454
43319
29790
67296
33110
32318
44900
66859
42336
21689
68566
1793
59111
53428
48801
70874
54699
55988
49741
79104
16770
56878
5459
50650
77000
78809
27922
10867
48313
37052
60152
74299
20150
79239
69179
77092
35375
41955
78985
6803
59395
27050
46795
24253
3151
73717
26015
47448
35077
70633
25871
46485
51250
74452
47841
3718
47698
11561
2720
56023
58515
36270
21201
8880
14283
20402
36469
68112
60919
46908
75874
2858
65873
2952
4150
40323
23709
3660
48445
69745
6968
42056
63681
45226
55874
32968
38999
15196
28896
22955
40749
4434
35925
61779
42030
11716
77297
6847
64325
6682
71919
24118
8724
17811
61760
67622
5566
15930
59873
74053
13468
20568
3003
42710
49909
27270
73031
61375
28460
55201
13102
18867
28275
22170
43474
61173
62574
18956
34772
8636
44644
27311
61816
54248
55407
13687
73681
39679
43619
49494
60931
5327
73737
45670
72359
28087
27992
11918
48875
4729
52137
18112
36655
45492
75609
25173
79682
75913
3804
66628
25789
763
52287
44388
38839
51630
31592
9673
1886
33286
36405
65407
67220
48628
34432
3798
21998
31765
25133
28900
30033
75828
64771
59534
32604
18193
25875
43782
7873
2813
3750
66256
48573
7505
42676
1925
39831
1458
43133
49433
16546
76682
71369
28139
481
38029
36525
67507
61583
52527
2032
42201
55317
75240
55094
23481
28693
36040
67619
62012
16157
8374
57144
62400
34061
70879
43331
34223
78426
44275
11598
64237
23589
4248
36392
51140
64402
69470
70474
32039
43950
2308
25674
639
43745
9364
3944
6836
63778
25904
33329
19032
22416
78729
56688
22644
16378
41387
66099
39534
50646
19067
44274
13376
54120
34173
36730
59472
3104
61873
46176
74738
69276
15154
76380
11671
9940
8023
36441
47123
45899
73158
24924
53681
76423
51574
14077
73913
22317
11978
34015
32138
12293
7943
7142
4118
78494
3791
29634
27262
35546
44984
18678
40410
68881
36159
16657
69463
39051
43891
4021
43514
39908
54147
74942
7502
2923
37226
55817
31752
17550
29948
36899
34343
16045
25317
50339
9023
66894
55098
56788
1684
57020
67908
74465
66349
19923
44685
49353
13054
10205
35699
71516
40911
41364
21510
35170
20075
63535
69522
37660
54949
78666
67038
75144
62205
53627
60028
66026
67218
21364
3469
51615
62254
11319
52052
52867
51443
11130
7498
22028
22082
21679
50098
69952
46616
43734
28609
44157
33875
24989
29964
19546
48284
33214
64202
43714
46178
27370
58274
33450
76811
28988
12406
59723
58067
40760
76385
72027
36930
70115
73015
75761
31869
48335
21573
52213
77443
48882
958
16010
51338
5312
18020
76370
9949
41613
58202
25167
56993
64291
77849
56407
38558
1774
2875
31626
5259
12255
77816
49731
66853
63128
73460
25466
71214
63467
11411
62063
15051
14648
56666
76096
31612
76437
41286
27237
61835
10335
65768
79985
51623
3029
14493
58381
75557
47397
36341
79006
57745
12547
65571
76429
50972
62610
49184
12957
8486
58814
40852
43428
49355
20442
40799
33385
34271
20862
53114
72191
40966
62002
17629
57879
48814
8737
63638
67694
28587
45801
18205
66149
74357
3365
13339
44419
66081
40053
55043
31892
9392
45808
20153
30826
36753
57958
75786
10644
57491
69343
37641
3294
32141
45304
40146
6955
48259
17138
62473
51174
67627
22419
76164
78174
16593
57250
34239
14515
17738
27020
53676
72470
6114
17427
28734
52186
74388
4102
5536
62733
508
71899
17569
61539
61859
63507
64857
62695
21323
57680
22198
44269
68850
64069
57357
28422
33243
17564
15826
39188
70478
63845
73514
11902
24216
43277
15011
6915
31827
6227
36907
50511
55053
11603
15727
41015
40456
77676
39078
45759
20359
53330
22997
37888
32802
52950
59202
43214
77515
59384
43219
33924
58637
68457
25545
53787
1865
5390
2214
63898
33791
1251
46030
1488
70099
74188
76040
32678
44441
66379
70857
28241
43310
32066
17134
30856
58401
53820
51144
19458
70950
61634
32356
75662
67261
73770
18779
56507
35505
1851
65122
40136
32465
38864
1951
50444
29794
47370
7810
49243
78008
34020
2680
74913
39536
61338
14299
23309
51722
6299
60247
26659
34851
15585
9294
23918
61692
1281
60628
73122
13969
19859
68758
27664
161
57738
5656
26597
70601
4935
32596
68677
9156
15651
13968
35547
6462
13447
23188
74270
1530
39586
45522
51162
44303
14048
52635
29113
35756
78054
8965
37581
62181
62270
30712
24647
810
41617
44153
37636
13377
17539
62881
68999
20341
50150
34984
13734
51859
27668
73228
52797
45513
40318
49848
53789
53578
38111
58475
57072
72307
30030
74187
19275
61504
5819
71652
8112
37219
2969
49722
17746
8405
48197
10383
20674
47802
43700
19229
70250
34612
79241
29955
46824
79830
62454
34127
79181
35913
59404
70197
19044
2228
12918
26204
13206
70662
8444
23649
49368
3483
50894
62897
24419
60264
59752
9566
57734
70835
35667
43251
41230
16383
58608
21308
13744
65608
53510
27938
16779
62869
4201
590
23316
32207
77047
53246
76574
13002
56199
2589
40995
23002
31586
67139
49989
55605
13890
64151
62227
14179
20094
47810
70434
3454
29346
35964
70969
8196
26867
66546
34108
66717
6747
39967
65641
26824
59375
58270
7022
53811
58519
40243
74194
50964
70517
8571
31687
46369
23370
6142
32915
61483
