66005
66609
66028
66033
66060
66084
66089
66136
66154
66184
66209
66213
66249
66278
66318
66319
66354
66360
66385
66419
66467
66502
66506
66514
66527
66547
66567
66589
66599
66631
66639
66650
66696
66702
66728
66734
66548
66746
66806
66809
66827
66830
66857
66860
66861
66868
66876
66883
66905
66908
66931
66932
66945
66959
66998
67030
67031
67039
67055
67095
67108
67114
67118
67128
67142
66175
67147
67264
67334
67937
67380
67404
67407
67424
67490
67493
67539
67561
67577
67590
67593
67598
67607
67674
67715
67716
67774
67775
67780
67781
67803
67804
67854
67859
67892
67806
67903
67942
67980
67996
67998
67745
66003
66016
67133
66022
66030
66043
66050
66059
66066
66067
66082
66092
66096
66102
66104
66112
66126
66127
66128
66135
66137
66142
66157
66177
66179
67266
66194
66208
66232
66236
66237
66257
66260
66261
66266
66267
66275
66282
66288
66293
66295
67448
66313
66326
66330
66336
66342
66352
66369
66370
67970
66375
66393
66402
66408
66409
67621
66414
66424
66426
66436
66440
66443
66445
66454
66456
66459
66468
66482
66491
66496
66500
66503
66517
66530
66545
66549
66560
66570
66594
66597
66613
66644
66648
66651
66659
66661
66666
66668
66671
66672
66685
66686
66688
66691
66694
66699
66701
66704
66706
66711
66714
66716
66721
66723
66725
66726
66730
66740
66745
66748
66758
66767
67159
66323
66786
66818
66819
66846
66098
66862
66865
66874
66888
66890
66736
66897
66914
66925
66940
66962
66979
66986
67006
67011
67014
67023
67024
67025
67029
67035
67045
67059
67060
67078
67087
67090
67093
67098
67240
67099
67125
67126
67130
67131
67135
67136
67145
67146
67149
67151
67169
67175
67176
67177
67182
67193
67201
67204
66785
67205
67129
67231
67236
67254
67257
67259
67263
67267
67271
67279
67285
67292
66130
66207
67297
67314
67315
67318
67320
67322
67324
67325
67326
67327
67328
67340
67342
67347
67372
67373
67378
67384
67397
67412
67419
67421
67428
67429
67434
67436
67447
67456
67471
67472
67475
67477
67484
67488
67499
67538
67540
67545
67546
67551
67558
67567
67568
67576
67585
67592
67596
67613
67614
67625
67626
67628
67638
67656
67669
67680
67684
67685
67689
67700
67723
67734
67735
67736
67744
67746
67750
67756
67764
67765
67767
67776
67782
67786
67464
67792
67794
67795
67811
67818
67825
67544
67837
67362
67862
67893
67898
67914
67917
67923
67925
67927
67929
67935
67936
67943
67947
67952
67982
67995
66000
66004
66006
66008
66009
66018
66023
66027
66029
66037
66042
66044
66046
66054
66058
66075
66076
66077
66079
67237
66080
66091
66093
66094
66097
66100
66101
66103
66118
66124
66132
66143
66144
66146
66151
66160
67277
66325
66162
66169
67221
66176
66178
66181
66183
67511
66185
66187
66188
66191
66197
66198
66201
66210
66265
66211
66216
66114
67458
66217
67198
66667
66222
67698
66233
66241
66247
66709
66248
66258
66269
66279
66280
66284
66286
66290
66291
66292
66294
66298
66301
66305
66316
66317
66168
66327
66333
66338
66340
67895
66343
66357
66359
66374
66377
66378
66384
66395
66398
66404
66405
66406
66412
66420
66425
66433
66437
66441
66462
66464
66466
66481
66489
66498
66509
66512
66516
66518
66519
66523
66528
66531
66536
67179
66538
66552
66554
66556
66563
66566
66577
66578
66584
66586
66588
66590
66596
66598
66600
66607
66610
66616
66625
67427
66633
66643
66645
66655
66656
66658
66663
66665
66231
66673
66677
66679
66682
66687
66695
66697
66708
66254
66710
66722
66727
66731
66732
66752
66760
66764
66772
66778
66779
66780
66782
66787
66788
66790
66791
66792
66800
67694
66805
66814
66815
66824
67049
66826
66844
66845
66854
66867
66871
66875
67048
66878
66882
66885
67253
66891
66898
66906
66911
66912
66915
67057
66917
66936
67553
66939
66953
66958
66963
66964
66966
66971
66974
66976
66985
66990
66991
66997
67001
67005
67007
67015
67016
67020
66981
67425
67021
67042
66838
67052
67054
67067
67068
67070
67071
66219
67074
67088
67089
67091
67094
67100
67101
67102
67107
67109
67111
67115
67124
67132
67137
67148
67153
67160
67161
67162
67165
67168
67172
67174
67178
67181
67184
67186
67191
67192
67200
67202
67208
67209
67210
67219
67224
67227
67228
67230
67238
67239
67243
67245
67249
66141
67250
67256
67258
66206
67273
67276
67280
67283
67284
67288
66855
67289
67293
67758
67298
66742
67309
67335
66529
67339
67677
67345
67348
67349
67353
67359
67361
67363
67365
67366
67371
67376
67387
67392
67393
67394
67395
67398
67399
67400
67402
67519
67410
67648
67426
67433
67437
67442
67443
67451
67453
67461
67793
67466
67467
67469
67474
67480
67481
67483
66299
67494
67502
67504
67505
66186
67513
67515
67521
67522
67523
67529
67530
67531
67532
67533
67535
67180
67547
67549
67550
67562
67563
67565
67572
67574
67580
67584
67589
67602
67605
67608
67610
66422
67624
67629
67630
67643
67646
67652
67653
67654
67661
67662
67663
67683
67687
67692
67706
67711
67717
67718
67722
67727
66013
67747
67755
67299
67760
67763
67766
67769
67770
67409
67785
67791
67800
67920
67807
67808
67809
67829
67830
67831
67840
67843
67846
67855
67860
67865
67871
67877
67878
67880
67884
66439
67885
67888
67890
67904
67906
67910
67911
67918
67919
67931
67932
67938
67941
67950
67956
67962
67964
67965
67967
67969
67972
67974
67978
67988
67990
66010
66014
67897
66036
66032
66041
66045
66047
66048
66049
66051
66052
66053
66055
66057
66062
66063
66065
66068
66070
66073
66074
66078
66083
66085
66086
66105
66110
66984
66113
66119
66120
66121
66123
66133
66140
66148
66152
66156
66159
66180
66189
66192
66220
66223
66224
66227
66228
66229
66230
67445
66234
66245
66268
66271
66272
66276
66283
66289
66296
66303
66302
66306
67738
66328
66358
66362
66363
66364
66368
66372
66386
66389
66390
66392
66394
66396
67018
66403
66415
66416
66417
66095
66421
66431
66435
66442
66446
66447
66448
66449
66450
66451
66460
66461
66463
66465
66471
66476
66479
66373
66480
66493
66495
66497
66499
66507
66508
66510
66515
66522
67564
66524
66535
66541
66544
66553
66562
66568
66571
66573
66574
66575
66576
66579
66581
66582
66583
66585
66593
66601
66612
66614
66617
66618
66619
66621
66622
66623
66624
66626
66640
66642
66646
66647
66649
66652
66660
66662
66669
66674
66675
66678
66683
66684
66692
66698
66700
66705
66707
66715
66718
66719
66733
66735
66737
66739
66751
66756
66763
66765
66770
66771
66774
66784
66789
66793
66795
66804
66808
66810
66820
66825
66831
66836
66026
66841
66847
66851
66852
66856
66859
66869
66873
66877
66880
66881
66884
66895
66899
66902
66910
66913
66916
66918
66919
66927
66930
66934
66942
66946
66951
66954
66513
66956
66961
66967
66969
66980
66982
66987
66989
67311
67010
66407
67019
67022
67027
67028
67040
67041
67046
67047
66879
67050
67053
67061
67062
67725
67403
67073
67084
67105
67112
67117
67122
66034
67141
67164
67167
66540
67196
66225
66761
67199
67206
67207
66410
67212
67215
67225
67235
66088
67120
67244
67247
67260
67275
67281
67287
67295
67296
67301
67310
67313
67319
67336
67337
67338
67341
67452
67343
67354
67355
67367
67370
67379
67382
67390
67401
67408
67789
67416
67417
67422
66634
67431
67432
67742
66240
67350
67454
67751
67459
67462
67479
67489
67500
67503
67508
67517
67119
67143
67520
67527
67534
67537
67543
67554
67557
67566
67578
67579
67581
67583
67588
67591
67594
67595
67599
67600
67606
67617
67623
67632
67633
67635
67637
67639
67644
67836
67647
67657
67665
67667
67668
67671
67672
67676
67678
67679
67691
67695
67697
66238
67701
67702
67705
67707
67710
67712
67720
67721
67729
67730
67737
67741
66314
67748
67752
67757
67762
67768
67771
67773
67777
67997
67790
67799
67812
67817
67819
67821
67822
67823
67827
67828
67832
67833
67842
67845
66823
67850
67853
67857
67858
67868
67870
67872
67881
67882
67886
67889
67891
67894
66350
67899
67901
67909
67913
67915
67916
67924
67934
67391
67940
66273
67944
67954
67958
67961
67966
67968
66376
67971
67977
67984
67986
67987
66753
67991
66007
66011
66024
66025
66842
66039
66040
66056
66061
66069
66071
66072
66087
66090
66099
66107
66108
66218
66116
66122
66125
66129
67306
67251
66155
66158
66165
66167
66170
66174
66182
66196
66199
66203
66205
66212
66221
66235
67223
66242
66246
66250
66251
66255
66256
66259
66263
66264
66274
66807
66277
66300
66304
66308
66309
66858
66311
66315
66321
67816
66322
66329
66332
66334
66335
66341
66348
66349
66351
66355
66361
66365
66367
66371
66380
66381
66382
66387
66391
66399
66400
66401
67213
66423
66427
66428
66432
66452
66457
66472
66473
66474
66484
66486
66494
66501
66504
67921
66521
66532
66534
66539
66543
66755
66551
66555
66557
66558
66559
66561
66580
66592
66923
66595
67268
66605
67905
66627
67233
66632
66657
66670
66676
66680
66681
66713
66720
66729
66750
67992
66754
66757
66759
67203
66766
66768
66776
66797
66801
66281
66811
66821
66833
66840
66843
66853
67290
66312
66889
66893
66894
66896
66900
66909
67815
66920
66929
66938
66941
66943
66947
66955
66972
66975
66983
66993
66994
66999
67000
67003
67017
67032
67036
67038
67043
67058
67064
67065
67072
67079
67080
67083
67086
67092
67127
67134
67138
67150
67152
67156
67170
67187
67190
67194
67195
67211
67214
67218
67220
66244
67226
66653
67234
67242
67246
67252
67262
67265
67272
67300
67302
67312
67316
67329
67216
67330
67352
67356
67867
67368
67369
67374
67375
67383
67385
67386
67413
67414
67435
67441
67444
67457
67081
67465
67476
67478
67482
67486
67487
67492
67496
67498
67507
67512
67518
67525
67552
67560
66864
67571
67597
66444
67601
67604
67612
67616
67618
67619
67622
67641
67645
67650
67658
67659
67666
67670
67346
67681
67682
67696
67704
67708
67814
67912
67709
67724
67075
67728
66339
67740
67759
67761
67772
67783
67788
67796
67802
67077
67805
66926
66324
67820
67826
67839
67841
67847
67848
67856
67861
67864
67869
67873
67140
67875
67883
67902
66628
67908
67922
67926
67928
67930
67939
67955
67973
67976
66813
67983
67999
66002
66015
66017
66020
66021
66035
66038
66064
66081
66429
66106
66111
66117
66131
66138
66149
66153
66161
66166
66172
66173
66190
66193
66202
66204
67307
66226
66239
66243
66253
66214
67949
66287
66297
67495
66307
66320
66337
66345
66347
66356
66366
66379
66383
66397
66430
66434
67887
66455
66458
66469
66470
66478
66488
66520
67344
66533
66537
66542
66564
66565
66572
67463
66591
66608
66635
66637
66638
66654
66689
66690
66693
66712
66904
66738
66741
66749
66773
66775
67933
66777
67222
66796
66799
67993
67331
66822
66828
66829
66834
66835
66839
66849
67586
66870
66872
66903
66921
66944
66949
66950
66952
66960
66978
67026
66115
66992
66995
66996
67009
67012
67034
67044
67051
67063
67085
67097
67103
67104
67106
67110
67113
67121
67123
67232
67876
67154
67163
67166
67171
67173
66933
67548
67189
67351
67229
67241
67255
67261
67269
67270
67274
66164
67278
67286
67291
67294
67304
67305
67308
67332
67333
67357
67360
67364
67377
67381
67389
67396
67082
67405
67406
67415
67418
67420
67033
67438
67446
67450
66606
67468
67473
67509
67510
67516
67423
67541
67542
67838
67555
67556
67569
67573
67582
67615
67620
67627
67631
67634
67813
67739
67640
67660
67675
67686
67688
66812
67699
67719
67732
67733
67651
67749
67460
67754
67778
67779
67784
67787
67649
67824
67834
67844
67863
67866
67874
67879
67896
67907
67714
66525
67945
67946
67951
67953
67975
67981
67989
66012
66109
66134
66139
66147
66163
66195
66200
66262
66270
66285
66310
66817
66418
66438
66453
66475
66477
66490
66664
66492
66550
66569
66587
66602
66615
66620
66636
66511
66703
66724
66783
66794
66798
66803
66816
66837
66848
66866
66887
66907
66604
66928
66935
66965
66968
66970
66988
67002
67037
67056
66922
67066
67069
67076
67524
67144
67155
67158
66802
67183
67248
66892
66611
67282
67303
67013
67673
67852
67388
67439
67798
67440
67491
67501
67506
67536
66948
67570
67575
67587
67611
67358
67703
67726
67731
67753
67797
67801
67713
67835
67849
67851
66031
67900
66781
67948
67959
67979
67994
66019
67485
66863
66171
66331
66344
66388
66413
66485
66957
66546
66603
66629
66630
66641
66717
66769
66832
66850
66886
66901
66924
67188
66973
67004
67008
67810
67096
67116
67139
67526
67157
67317
67411
67449
67470
66145
67514
67528
67559
66526
67609
67664
67743
67957
67455
66001
66252
66483
66411
67603
66487
66505
67321
66743
66744
66747
66762
66977
67217
67323
67636
67642
67690
67693
67963
67985
66215
66346
66353
66937
67185
67197
67497
67430
67960
