56025
57009
56067
56086
56087
56114
56117
56127
56142
56159
56165
56238
56245
56260
56317
56319
56398
56405
56417
56437
56492
56496
56500
56508
56532
56543
56546
56547
56577
56586
56860
56591
56638
56649
56656
56679
56709
56754
56786
56806
56825
56830
56837
56846
56880
56884
56890
56918
56965
56988
57045
57051
57091
57112
57114
57121
57166
57180
57197
57243
57264
57271
57278
57326
57331
57339
57378
57388
57407
57423
57424
57431
57450
57476
57499
57545
56755
57761
57547
57627
57651
57675
57693
57732
57736
57801
57836
57837
57855
57868
57892
57963
57984
57993
56000
56003
56007
56009
56012
56036
56503
56611
56055
56075
56078
56080
56084
56106
56111
56119
56122
56176
56178
56197
56307
56218
56225
56240
56253
56258
56278
56285
56301
56302
56305
56312
56320
56700
57239
56323
56345
56349
56350
56357
56360
56361
56367
56373
56384
56401
56409
56419
56425
56428
56434
56438
56443
56444
56452
56470
56472
56475
56483
56520
56531
56535
56545
56549
56552
56557
56558
56560
56563
56564
56576
56599
56601
56603
56617
56619
57612
56621
56633
56967
56216
56636
56659
56661
56662
56676
56682
56690
56701
56716
56720
56729
56731
56734
56736
56743
56756
56762
56771
56779
56780
56790
56796
56798
56817
56823
56824
56839
56849
56613
56864
56865
56886
56894
56904
56909
56917
56923
56934
56941
56942
56952
56962
56348
56963
57001
57007
57017
57022
57700
57040
57048
57078
57079
57083
57086
57087
57090
57095
57105
57106
57115
57117
56149
57118
57128
57138
57145
57159
57200
57202
57203
57216
57223
57226
57231
57244
57246
57253
57262
57263
57266
57283
57285
57289
57296
57297
57298
57301
57303
57308
57309
57316
57317
57322
57330
57336
57879
57337
56971
57941
57369
57392
57400
57403
57408
57420
57435
57441
56502
57442
57447
57452
57456
57460
57464
57465
57475
57477
57480
57482
57487
57493
57516
57519
57520
57537
57540
57542
57558
57578
57601
57606
57483
56632
57620
57622
57626
56019
57631
57645
57656
57661
57665
57667
57669
57676
57681
57688
57694
57696
56337
57703
57709
57725
57726
57735
57737
57743
57754
56759
57755
56403
57771
57795
57798
57802
57816
57818
57827
57829
57835
57850
57851
57862
57863
57033
57871
57891
57893
57904
57826
57905
57945
57917
57934
57936
57937
57939
57946
57954
57960
57961
57966
57969
57972
57977
57988
57992
56005
56013
56016
56017
57640
56029
56030
57544
56033
56050
56053
56054
56060
56061
56063
56069
56076
56083
56090
56099
56103
56105
57365
56207
56115
56126
56130
56140
56141
56143
56145
56153
56155
56156
56166
56168
56169
56173
56177
56179
56595
56180
56210
56230
56220
56227
56229
57015
56231
56248
56254
56255
56256
56261
56264
56267
56274
56275
56277
56280
56288
56290
56293
56298
56303
57313
57749
56315
56327
56333
56342
56362
56363
56364
56368
56374
56378
56380
56381
56382
56385
56387
56402
56404
56408
56410
56413
56421
56422
56427
56430
56433
56435
56445
56447
56448
56457
56458
56459
56461
56464
56466
56467
56468
56473
56476
57872
56494
56497
56505
56164
56512
56517
56530
56533
56534
56536
56537
56540
56548
56550
56573
57811
56555
56580
56581
56132
57740
56585
56723
56593
56607
56746
56620
56627
56631
57201
56634
56645
56647
56650
56657
56660
56664
56665
56667
56669
56671
56681
56683
56684
56686
56693
56696
56699
56706
56710
56711
57349
56714
56598
57434
56725
56739
56742
56744
56745
56750
56752
56761
56766
56768
56773
56776
56777
56782
56789
56792
56794
56795
56801
56804
56808
56810
56811
56818
56819
56821
56827
56828
56831
56833
56843
56845
56856
56858
56867
56868
56872
56876
56881
56883
56888
56895
57238
56899
56905
56914
56915
56924
56927
56932
56946
57279
56947
56960
56961
56964
56982
56983
56984
56985
56989
56991
56992
57000
57790
57003
57013
56242
57032
57037
57038
57047
57049
57052
57054
57058
56058
57060
57068
57096
57100
57104
57107
57113
57120
57136
57139
57142
57147
57153
57154
57161
56299
57167
57170
57171
57175
57178
57181
57183
57185
57186
57191
57192
57193
57198
57204
57215
57666
57220
57233
57241
57249
57251
57252
57257
57258
57267
57268
57272
56687
57274
57276
56957
57082
56954
57287
57678
57290
56469
57293
57307
57314
57323
57333
57335
57341
57342
57343
57346
57352
57353
57555
57356
57361
57375
57383
57386
57389
56110
57394
57402
57406
57411
57415
57416
57417
57418
57425
56737
57445
57448
57458
57459
57468
57471
57474
57484
57489
57497
57505
57509
57518
57526
57527
57528
57533
57535
57541
57543
57550
57554
57360
57556
57564
57570
57576
57580
57584
57585
57590
57592
57600
57605
57616
57619
57621
57629
57633
57634
57636
57641
57649
57650
57655
57677
57682
57684
57756
57702
56203
57717
57721
57746
56321
57714
57589
57770
57773
56046
57775
57786
57788
57010
57792
57793
57796
57797
56753
57800
57806
57809
57819
57822
57908
57832
57856
57857
57859
57861
57873
57874
57878
57881
57896
57901
57902
57903
57909
57915
57918
57928
57942
57944
57948
57949
57950
57959
57968
57974
57980
57997
57998
56002
56010
56011
56015
56021
56023
56026
56027
56031
56035
56037
56038
56041
56175
56045
56057
56066
56068
56070
56072
56074
56077
56079
56085
56088
56091
56098
57395
57534
56113
56121
56123
56128
56129
56131
56134
56146
56148
57119
56150
56151
56157
57522
56158
56167
56637
56182
57026
56184
56187
56188
56189
56190
56192
56196
56202
56205
56212
56214
56215
56653
56217
56222
56234
56236
56247
56249
56250
56251
56262
56263
56266
56283
56284
56286
56291
56294
56793
56295
56304
56308
56309
56311
56322
56336
56341
57824
56343
56977
56351
56352
56354
56355
56356
56366
56370
56371
56388
56390
56391
56392
56393
56397
56399
56406
56412
56414
56416
57011
56418
56431
56446
57210
56449
56453
56462
56463
56465
56471
56474
56477
56478
56480
56482
56484
56490
56499
56506
56509
56514
56519
56523
56527
56528
56529
56551
56553
56556
56559
56565
56566
56567
56569
56572
56574
56584
56602
56604
56608
56609
56062
56612
56614
56616
56622
56623
56624
56630
56635
56183
56639
56640
56642
56646
56648
56652
56654
56678
56666
56672
56673
56680
56685
57275
56688
56692
56694
56695
57227
56330
56703
56707
56708
56713
56715
56717
56726
56727
56728
56732
56735
56740
56741
56625
56747
56749
57552
57764
56760
56767
56775
56778
56787
56791
56799
56774
56805
56809
56814
56816
56829
56840
56842
56847
56857
56861
56862
56866
56870
56871
56878
56893
56879
56892
56896
56897
56906
56912
56913
56926
56938
56939
56949
56950
56955
57284
56644
56969
56974
56975
56976
56978
56981
56999
57002
57006
57008
56426
57023
57024
56185
57029
57030
57034
57044
57055
57056
57057
57067
57073
57075
57076
57094
57109
57123
57124
57125
57130
57131
57132
57199
57134
57143
57148
57149
57151
57155
56102
57157
57168
57174
57176
57177
57179
57184
57194
57195
57137
57207
56451
57212
57214
57218
57221
56702
57230
57451
57234
57236
57237
57245
57255
57259
57260
57273
57280
57294
57300
57305
57315
57324
57327
57332
57334
57338
57344
57350
57351
57359
57363
57376
57382
57385
57387
57391
57401
57404
57409
57412
57428
57429
57432
57438
57440
57443
57446
57466
57469
57478
56450
56039
57479
57486
57488
57490
57492
57956
57496
57503
57321
57504
57511
57512
57514
57515
57517
57524
57357
57525
57532
57539
57546
57549
57557
57559
57560
57563
57566
57567
57568
57569
57571
57581
57583
57587
57593
57602
57608
57609
57610
57613
57618
57625
57628
57635
57646
57648
57654
57660
56415
56424
57662
57691
57695
57699
57701
57706
57727
57733
57748
56594
57757
57759
57760
57763
57766
57769
57782
57785
57791
57804
57807
57810
57812
57814
57817
57830
56704
57831
57838
57840
57841
57843
56174
57845
57847
57849
57852
57864
57865
56495
57880
57883
57885
57886
57888
57897
57900
57907
57910
57914
57920
57921
57925
57926
57927
57929
57930
57931
57932
57933
57938
56570
57940
57952
57953
57156
57965
57973
57978
57979
57981
57983
57985
57987
57999
56001
56014
56024
56028
56032
57129
56034
56047
56052
56056
57065
56064
56065
56094
56096
56100
56101
57164
56108
56109
56124
56133
56139
56147
56369
56152
56170
56171
57189
56181
56191
56193
56194
56195
56200
56439
56201
56204
56125
56208
56224
56226
56232
56160
56233
56237
56239
56241
56244
56268
56269
56273
56281
56282
56287
56289
56296
56297
56306
56221
56310
56314
56332
57705
56338
57384
56346
56365
56235
56372
56812
56376
56386
56395
56396
57551
56400
56407
56411
57668
56423
57674
56429
56206
56440
56442
56456
57299
56479
56481
56486
56488
56675
56489
57538
56498
56510
56511
56513
56518
56526
56538
56539
56544
56561
56568
56575
56582
56583
56590
57758
56597
56605
56615
56618
56626
56199
56629
56863
56663
57329
56677
56712
56719
56721
56040
57053
56722
57803
56765
56998
56769
56788
57169
56800
56802
56383
56820
56822
56826
56832
56834
56835
56836
56841
56844
56852
56853
56855
56668
56885
56889
56898
56900
56901
56903
56907
56908
56919
56922
56925
56933
56935
56937
56943
56948
57986
57355
56958
56972
56980
56987
56990
56993
56996
57004
57014
57016
57019
57021
57028
57031
57039
57046
57050
57728
57063
57066
56874
57069
57077
57080
57286
57084
57088
57089
57092
57099
57071
57108
57122
57126
57127
56730
57133
57135
57140
57141
57144
57146
57150
57970
57163
57165
57173
57188
56186
57190
56643
57209
57211
57213
57217
57222
57224
57228
57256
57261
57269
57270
56135
57288
57295
57311
57312
57319
57320
56691
57340
57345
57347
57348
57354
56891
57358
56116
57366
56334
57370
57374
57390
57397
57410
57419
57421
57426
57437
57439
57449
57463
57473
57481
57498
57502
57521
56504
57548
57780
57562
57572
57573
57574
57575
57577
57586
57591
57594
57595
57596
57603
57607
57611
57615
57623
57624
57637
57644
57652
57659
57664
57672
57673
57292
57683
57686
57687
57689
57704
56887
57707
57710
57711
57713
57715
56921
57716
57722
57730
57731
57739
56592
57741
57742
57750
57751
57765
57772
57774
57777
57778
56276
57779
57787
57794
57799
57805
57808
56578
57813
57821
57823
56347
57825
57842
57844
57854
57858
57860
57866
57867
57869
57875
57877
57884
57890
57894
57906
57913
57916
57935
57380
57947
56082
57957
57964
57967
57989
57990
56004
56006
56008
56022
56042
56051
56071
56081
57962
57396
56089
56097
56104
56107
56375
56120
57291
56138
56154
56163
56172
57784
57719
56209
56211
56213
56219
56243
56246
56257
57870
56265
56279
56292
56300
56318
56325
56326
56328
56329
56460
56331
56339
56344
56358
56655
56589
56389
56420
56432
56436
56485
56487
56493
56501
56059
56507
56516
56521
56524
56525
56541
56562
57924
56571
56587
56588
56600
56379
56658
56674
56044
56670
56697
56698
57833
56705
56733
56738
56751
56757
56758
56763
56764
56807
56781
56783
56784
56785
56797
56803
56838
56848
56850
56851
56869
57362
56910
56911
57922
56916
56931
56936
56944
56951
56953
56966
56970
56973
56994
56995
56997
57005
57018
57020
57027
57882
57035
56748
57070
57072
57081
57093
57097
57098
57103
57116
57158
57160
57162
57187
57208
57219
56340
57240
57248
57250
57254
57265
57277
57282
57302
57310
57506
57325
57328
57372
57530
57368
57377
57379
57381
56359
57393
56093
57398
57399
57413
57414
57422
57427
57430
57455
57457
57461
57462
56979
57491
57507
57508
57510
56162
57529
57531
56118
57561
57582
57597
57604
57617
57632
57638
57642
57658
57663
57670
57679
57680
57685
57690
57697
57698
57042
57720
57723
57064
57729
57738
57744
57745
57747
57753
57762
57767
57776
57789
57853
57876
57364
57887
57898
57911
57912
57919
56928
57923
57955
57958
57971
57975
57982
56968
57994
57995
56018
57485
56689
56048
56073
56136
57588
56144
56515
57846
56228
56223
56252
56271
56272
56313
56324
56353
56394
56441
57444
56542
56554
56579
56606
56491
56724
56813
56815
56854
56859
57708
56930
56940
57501
56986
57012
57036
57041
57043
57059
57061
57062
57111
57101
57172
57182
57196
57206
57229
57232
56902
57242
57247
57304
56316
56718
57367
57433
57235
57453
57454
57467
57472
57513
57523
57536
57553
57565
57579
56161
57598
57599
57630
57639
57643
57647
57657
57225
57671
57692
57724
57734
57768
57781
57820
57828
57834
57839
57889
57899
56092
56095
56137
56651
56259
57373
56377
56198
56610
56641
56770
56873
57074
56877
57718
56929
56772
57025
57085
57102
57110
57152
57281
57306
57318
57405
57436
57470
57494
57495
56043
57712
57752
57815
57895
57976
57991
57996
56020
56049
56112
57783
57614
56454
56522
56596
56628
56875
56882
56920
57951
56945
56959
57205
57371
57653
57848
56270
57943
56956
56335
