60011
60445
60027
60046
60050
60066
60092
60109
60155
60174
60192
60193
60194
60214
60237
60267
60279
60284
60288
60294
60332
60354
60408
60425
60427
60442
60449
60452
60503
60513
60583
60591
60622
60640
60663
60680
60695
60698
60720
60721
60722
60764
60800
60807
60810
60826
60828
60837
60841
60868
60871
60876
60882
60888
60899
60901
60911
60912
60914
60922
60928
60935
60936
60964
61005
61025
61055
61062
61067
61077
61081
61088
61094
61111
61136
61141
61148
61151
61156
61166
61181
61182
61217
61249
61250
61251
60502
61300
61351
61403
61431
61460
61469
61481
61498
61500
61511
61534
61543
61561
61566
61571
61593
61600
61605
61616
61629
61633
61654
61664
61683
61730
61731
61755
61784
61810
61888
61893
61902
61907
61909
61910
61928
61929
61948
61990
61991
61994
60003
60006
60013
60035
60045
60047
60053
60063
60070
60075
60078
60080
60083
60090
60096
60115
60127
60130
60139
60143
60144
60145
60146
60150
60158
60165
60167
60169
60179
60188
60197
60198
60199
60204
60222
60223
60224
60229
60236
60250
60253
60274
61594
60280
60285
60293
60306
60309
60314
60336
60346
60350
60351
60355
60361
60889
60377
60380
60381
60390
60396
60398
60405
60416
61514
60435
60443
60447
60448
60465
60466
60482
60483
60485
60487
60494
60506
60508
60517
60519
60524
60537
60560
60562
60564
60569
60571
60600
60610
60616
60617
60625
60627
60632
60636
60641
60643
60657
60666
60667
60670
60674
60682
60690
60694
60697
60704
60708
60709
60710
60711
60712
60717
60718
60723
60725
60731
60737
60742
60745
60747
60748
60750
60751
60752
60758
60761
60765
60780
61127
60781
60801
60806
60811
60820
60823
60827
60839
60849
60850
60854
60857
60858
60866
60884
60896
60898
60903
60904
60905
60917
60927
60939
60942
60943
60946
60957
60969
60973
61867
60979
60628
60989
61017
61027
61032
61041
61045
61047
61048
61053
61071
61076
61087
61108
61130
61133
61142
61145
61158
61171
61175
61177
61185
61186
61191
61195
61201
61209
61231
61236
61243
61245
61252
61254
61256
61267
61271
61274
61303
61277
61296
61292
61310
61318
61321
61323
61332
61334
61341
61345
61352
61357
61359
61363
61380
61387
61393
61407
61410
61414
61419
61426
60110
61427
61450
61454
61463
60262
61464
61471
61485
61499
61509
61519
61521
61523
61535
61539
61541
61547
61550
61568
61572
61575
61589
60281
60037
61610
61613
61614
61619
61623
61647
61652
61653
61656
61667
60352
61678
61681
61682
61691
61698
60590
61703
61604
61716
61727
61733
61740
61741
61754
61756
61757
61766
61778
61782
61792
61800
61802
61813
61820
61831
61844
61857
61895
61916
61917
61919
61920
61935
61937
61942
61950
61958
61959
61962
61969
61971
61972
61975
61762
61986
60000
60001
60002
60004
60009
60010
60019
60020
60022
60023
60024
60025
60039
60040
60041
60044
60048
60055
60059
60069
60076
60079
60082
60084
60086
60087
60088
60093
60094
60095
60099
60100
60102
60111
60113
60114
60116
60119
60120
60122
60123
60124
60126
60128
60129
60138
60154
60161
60163
60166
60185
60191
60201
60203
60208
60209
60215
60219
60220
60231
60238
60239
60242
60529
60244
60258
60259
60261
61564
60265
60277
60282
60286
60291
60295
60296
60300
60303
60308
60310
60315
60324
60325
60326
60329
60330
60333
60335
61230
60337
60343
60344
61680
60353
60358
60363
60369
60371
60372
60375
60383
60392
60393
60397
60402
60407
60415
60419
60422
60424
60426
60429
60440
60444
60455
60456
60457
60460
60462
60463
60464
60467
60471
60472
60473
60475
60477
60478
60488
60489
60543
60496
60505
60509
60510
60514
60518
60531
60534
60538
60539
60540
61348
60553
60554
60557
60558
60563
60792
60565
60572
60585
60861
60588
60599
61636
60611
60829
60618
60634
60635
60642
60652
60327
60655
60664
60665
60673
60608
60675
60683
60685
60688
60693
60699
60705
60707
60714
60724
60726
60230
60360
60738
60746
60749
60754
60757
60760
61793
61846
60766
60772
60778
61063
60779
60787
60790
60791
60794
60795
60798
60799
60802
60804
60808
60817
60818
60819
60821
60822
60830
60834
60836
60840
60843
60844
61007
60847
60852
60859
60860
60864
60865
60867
60873
60874
60878
60879
60953
60880
60893
60897
60906
60907
60910
60933
60934
60937
60938
60949
60951
60960
60962
60963
60975
60980
61153
60981
60987
60991
60995
60998
61001
61003
61011
61012
61020
61034
61037
61042
61043
61044
61046
61051
61054
61058
60786
61069
61082
61085
61938
61538
61091
61099
61102
61107
61110
61112
61113
61115
61116
61120
61122
61125
60789
61138
61140
61144
61157
61160
61163
61164
61165
61169
61170
61176
61183
61192
61193
61198
61200
61202
61213
61219
61223
61225
61227
61228
60915
61233
61235
61237
61247
61260
61262
61263
61265
61273
61275
61276
61280
61282
61284
61286
61295
61304
61314
61322
61326
61333
61335
61336
61343
61349
61354
61356
61358
61360
61364
61365
61372
61373
61378
61714
60732
61379
61386
61388
61391
61392
61395
61396
61398
61411
61413
61415
61429
61430
61432
61433
61435
61440
61441
61442
61446
61453
61456
61468
61472
61478
61479
61487
61491
61496
61497
61503
60437
61520
61525
61529
61532
61533
61546
60892
61638
61551
61567
61576
61578
61580
61581
61584
61586
61590
61595
61599
60932
61602
61612
61615
61620
61626
61631
61637
61639
60676
61640
61643
61649
61650
61659
61660
61669
61674
61685
61686
61690
61699
61702
61704
61706
61711
61713
61718
61719
61729
61735
61739
61749
61758
61771
61776
61780
61787
61808
61791
61812
61817
61821
61825
61830
61832
61833
61836
61837
61839
61840
60770
61849
61853
61856
61861
61868
61869
61877
61879
61882
61883
61885
61889
61894
61898
61905
61911
61912
61914
61918
61923
60886
61925
61940
61945
61957
61875
61964
61967
61978
61981
61987
61988
61995
60007
60008
60018
60021
60162
60029
60032
61611
60049
60051
60058
60072
60077
60085
60089
60200
60098
60107
60112
60121
60133
60135
60136
60137
60147
60148
60151
60152
60156
60031
60164
60168
60170
60172
60173
60175
60177
60183
60186
60187
60190
60195
60196
60104
60213
60570
60217
60221
60226
60228
60233
61707
60234
60248
60249
60251
60252
60256
60263
60269
60273
60299
60313
60318
60321
60323
60662
60334
60338
60342
60349
60357
60741
60362
60365
60367
60370
60373
60374
60382
60385
60386
60389
60391
60394
60404
60423
60630
61516
60428
60451
60453
60468
60469
60470
60474
60498
60499
60512
60515
60520
60522
60523
60525
60526
60527
60246
60530
60541
60542
60544
60545
60548
60551
60552
60555
60556
60559
60561
60566
60573
61587
60579
61648
60584
60594
60317
60728
60596
60606
60679
60613
60619
60620
60629
60631
60759
60646
60650
60651
60653
60659
60660
60669
60671
60678
60681
60691
60692
60696
60700
61006
60701
60719
60727
60604
60729
61385
60735
60744
60756
60762
60763
61767
60767
60776
60777
60782
60784
60797
60812
60815
60824
60831
60835
60853
60855
60856
60870
60883
60887
60890
61558
60895
60913
60918
60919
60920
60924
60926
60930
61603
61899
60941
60952
60966
60967
60976
60977
60978
61744
60984
60999
61004
61009
61014
61018
61024
61026
61029
61033
61036
61038
61039
61040
60809
61052
61070
61072
61073
61079
61083
61084
61086
61089
61090
61101
61106
61114
61117
61119
61121
61123
61126
61128
61131
61132
61420
61134
61149
60983
61159
61161
61162
61167
61172
61174
61178
61180
60769
61184
61194
61196
61197
61270
61203
61208
61210
61214
61218
61226
60340
61239
61242
61248
61255
61264
61268
61269
61204
61272
61278
61281
61294
61299
61302
61311
61313
61315
61317
61325
61329
61330
61340
61342
61361
61376
61377
61381
61389
61394
61399
61401
61404
61405
61417
61147
61422
61424
61425
61428
61437
61444
61445
61452
61458
61459
61461
61473
61474
61475
61476
61480
61482
61488
61489
61493
61506
61507
61508
61510
61513
61518
60702
61524
61527
61528
61530
61542
61548
61549
61554
61555
61557
61630
61563
61570
61573
61579
61585
60495
60580
61601
60592
61726
61617
61618
61621
61624
61628
61632
61559
61644
61645
61651
61658
61668
61259
61670
61677
61687
61689
61693
61696
60929
61700
61710
61382
61725
61734
61737
61743
61745
61746
61748
61751
61753
61763
60771
61777
61779
61786
61803
61805
61806
61824
61826
61829
61838
61841
61842
61845
61852
61862
61863
61866
60988
61870
61887
61891
61900
61901
61904
61908
61913
61921
61932
61934
61936
61943
61944
61946
61949
61954
61970
61976
61982
61985
61989
61993
61999
60012
60015
60016
60028
60033
60034
60038
60042
60043
60052
60054
60056
61811
60057
60062
60071
60074
60081
60091
60097
60101
60595
61298
60105
60118
60125
60131
60134
60140
60141
60157
60160
61865
60176
60180
60181
60182
60184
60207
60210
60211
60216
60225
60232
60235
60240
60243
60254
60255
60260
61467
60271
60283
60287
60289
60290
60297
60302
60305
60311
60312
60322
60328
60341
60345
60347
60356
60359
60364
60366
60378
60387
60403
60411
60413
60414
60420
60421
60430
60431
60438
60476
60479
60481
60493
61596
60497
60500
60504
60206
60507
60521
60532
60535
60536
60547
60450
60550
60576
60582
60586
60587
60598
60605
60609
60614
60615
60621
60439
60637
60639
60644
60645
60649
60658
61641
60686
60687
60703
60706
60713
60736
60743
60753
60755
60647
60773
60783
60568
60793
60796
60803
61061
60813
60814
60816
60825
60633
60838
60842
60845
60851
60597
61019
60862
60869
60872
60875
60877
60881
60894
60900
60902
60908
60921
60925
61705
60931
60940
60944
60945
60955
60968
60970
60971
60974
60985
60992
60993
60994
61010
61013
61015
60863
61022
61023
61028
61031
61049
61057
61078
61059
61065
61068
61092
61093
61098
61103
61104
61109
61124
61129
61135
61139
61143
61150
61155
61173
61179
61188
61206
60846
61207
61220
61221
61222
61224
61232
61238
61241
61246
61257
61266
61283
61927
61285
61289
61301
61305
61312
61319
61328
61346
61353
61362
61367
61370
61374
61375
61384
61406
60961
61409
61434
61436
61447
61448
61455
61462
61477
61484
61492
61494
61501
61502
61512
60567
61540
61545
61560
61569
61582
61583
61592
61597
61598
61606
61622
61625
61627
61646
61657
61661
61662
61663
61665
61666
61671
61684
61822
61695
61701
61722
61723
61724
61728
61736
61738
60986
61747
61760
61764
61768
61769
61770
61772
61775
60954
61788
61790
61795
61797
61799
61804
60061
61814
61815
61816
61819
61320
61697
61827
61828
61834
61843
61847
61851
61854
61855
61858
60178
61872
61873
61874
61966
61876
60972
61880
61897
61903
61906
61924
61933
61939
61941
61952
61955
61961
61965
61968
61973
61974
61979
61983
60014
60030
60036
60060
60067
60068
60073
60108
60132
60142
60149
60189
60205
60511
60241
60247
60266
60268
60270
60278
60292
60301
60603
60320
60331
60348
60368
60395
60399
60400
60410
60417
60433
60441
60446
60454
60459
60461
60491
60492
60501
60528
60546
60218
60575
60581
60589
61712
60106
60601
60602
60607
61016
60648
60661
60668
60672
61896
60677
61526
60730
60768
60458
60774
60788
60832
61215
60885
61931
60891
60909
60950
60379
61789
60956
60958
61416
60982
60990
60997
61000
60716
60848
61008
61021
61030
61050
61066
61074
61075
61060
61096
61100
61105
61137
61146
61152
61189
61205
61211
61240
61244
61253
61258
61261
61279
61287
61291
61306
61823
61324
61331
61337
61338
61347
61350
61355
61366
61368
61783
61383
61397
61400
61402
61408
61418
61421
61423
61439
61443
61457
61465
61486
61490
61505
61522
61531
61537
61097
61553
61574
61577
61588
61591
61609
61634
61635
61642
60593
61655
61679
61692
61721
61732
61742
61750
61752
61759
61992
61765
61773
61774
61781
61390
61785
61796
61798
61801
61794
61809
61818
61835
61850
61859
61871
61886
61892
60948
61288
61947
61963
61980
60065
60103
60159
60171
60202
60227
60264
60272
60275
60298
60307
60316
60319
60339
60376
60388
60401
60406
60409
60412
60418
60434
60775
60480
60490
60516
60533
60574
60577
61922
61608
60626
61344
60638
60733
60734
60739
60785
60805
60833
61234
60923
60959
60965
61890
61002
61035
61056
61080
61118
61190
61199
61212
61229
61672
60117
61807
61309
60715
61369
61544
61371
61449
61451
61466
61495
61504
61515
61536
61412
61556
61290
61562
60612
61673
61675
61676
61688
61694
60245
61715
61717
61761
61187
61316
61848
61860
61878
61881
61884
61915
61926
61930
61951
61953
61956
61960
61977
61984
61996
61997
61998
60017
60026
60064
61438
60740
60257
60304
60384
60432
60486
60578
60654
60916
60947
60996
61064
61168
61607
61293
61297
61307
61308
61327
61339
61470
61517
61552
60276
61565
61708
61709
61720
61864
60623
60005
60153
60212
60436
60484
60549
60624
60656
61154
61095
61483
61216
