46000
47153
46040
46065
46074
46092
46156
46184
46192
46211
46226
46229
46231
46235
46350
46354
46404
46418
46441
46472
46503
46517
46518
46572
46655
46656
46676
46679
46700
46555
46704
46722
46739
46741
46748
46759
46767
46768
46793
46802
46821
46870
46880
46894
46905
46953
46962
46967
46969
46970
46977
46516
46988
47002
47045
47071
47092
47093
47105
47107
47138
47144
47187
47211
47236
47248
47251
47256
47263
47276
47284
47285
46100
47335
47388
46450
46994
47394
47426
47458
47472
47518
47520
47551
47562
47571
47601
47684
46239
47685
47708
47711
47748
47761
46016
47801
47849
47853
47855
47872
47902
47903
47926
47928
47763
47932
47963
47539
47965
47993
47999
46022
46028
46036
46037
46038
46042
46062
46072
46073
46075
46076
46082
46091
46096
46101
46107
46116
46118
47732
46029
46131
46138
46140
46145
47597
46162
46173
46944
46181
46187
46189
46201
46205
46215
46216
46224
46253
46254
46258
47363
46267
46276
46278
46283
46287
46288
46304
46310
46312
46320
46324
46328
46331
46332
46333
46335
46346
46088
46348
46356
46380
46387
46422
46428
46440
46442
46454
46461
46470
46481
46511
46529
46539
46552
46557
46573
46577
46581
46584
46155
46585
46609
46611
46615
47973
46621
46627
46629
46641
46643
46647
46651
46662
46674
46690
46707
46708
46349
46710
46725
46727
46731
46537
46734
46738
46742
46745
46766
46769
46771
46772
47798
46775
46794
46798
46801
46806
47700
46820
46832
46840
47972
46846
46864
46867
46868
46871
46873
46898
46942
46900
46903
46916
46939
46961
46980
46983
46984
46985
46986
46991
47425
46998
47000
47007
47011
47024
47030
47032
47037
47050
47055
47057
47082
47086
47094
47098
47104
47119
47122
47130
47149
47158
47162
47163
47165
47168
47188
46737
47193
47203
47223
47224
46185
47228
47242
47270
47273
47282
47373
47286
47289
47299
47317
47324
47329
47339
47340
47342
47344
47346
47354
47362
47132
47372
47392
47404
47416
47421
47422
47428
47460
47461
47462
47481
47483
47487
47491
47499
47500
47512
47519
47526
47530
47533
46520
47542
47879
47549
47560
47578
47582
47587
47595
47598
47604
47608
47621
47629
47641
47650
47652
47660
47665
47669
47671
47681
47683
47689
47692
47693
47717
47721
47723
47730
47736
47738
47749
47751
47764
47774
47784
47785
47799
47800
47816
47823
47843
47845
47848
47851
47858
47867
47876
47881
47889
47897
47904
47908
47910
47912
47916
47934
47941
47944
47945
47952
47956
47957
47958
47959
46622
47977
47978
46003
46010
46011
46019
46023
46026
46027
46665
46034
46044
46046
46055
46058
46060
46061
46064
46067
46069
46083
46085
46086
46355
46089
46095
46102
46105
46108
46114
46119
46120
46125
46146
46147
46148
46150
46154
46163
46177
46179
46190
46194
46197
46200
46202
46203
46208
46212
46213
46228
46234
46243
46246
46249
46257
46259
46266
46268
46272
46277
46286
46291
46296
46298
46300
46301
46309
46317
46318
47070
46329
46336
46340
46341
46345
46347
46352
46358
46359
46361
46363
46364
46365
46366
46372
46377
47589
46385
46392
46396
46399
46400
46403
46405
46144
46407
46421
46423
46427
46050
46431
46436
46094
46438
47424
46451
46458
46459
46460
46466
46471
46475
46478
46480
46486
46488
46489
46491
46493
46494
46506
46509
46513
46524
46525
46528
46530
46538
46542
46543
46544
46882
46556
46564
46875
46566
46578
46579
46580
46587
46593
46596
46603
46604
46610
46612
46613
47844
46623
46635
46638
46650
46663
46666
46668
46675
46677
46678
46681
46686
46692
46695
46697
47817
46698
46703
46709
46713
46724
46726
46740
46744
46746
46754
46755
46757
46758
46762
46763
47576
46781
47016
46785
46812
46817
46826
46834
46835
46841
46845
46847
46862
46872
46874
46887
46904
46906
46909
46911
46920
47302
46922
46926
46927
46928
46929
46931
46932
46937
46941
46958
46963
46965
46973
46975
46976
46979
47003
47005
47006
47012
47013
46790
47023
47040
47041
47043
47044
47046
47047
47048
47052
47060
47062
47064
47065
47066
47073
47075
47080
47081
47085
47099
47100
47106
46059
47110
47121
47124
47126
47127
47133
47134
47135
47137
47142
47143
47148
47155
47156
47157
47161
47166
47172
47173
47174
47175
47182
47189
47190
47199
47204
47209
47216
47230
46045
47231
47233
47237
47244
47246
47249
47213
47250
47265
47266
47269
47271
47272
47277
47280
47283
47291
47292
47295
47298
47301
46925
47304
47311
47314
47315
47318
47319
47323
47328
47331
47333
47338
47348
47349
47360
47365
47366
47368
47375
47384
47390
47399
47407
47410
47411
47414
47418
47419
47423
47432
47434
47437
46141
47443
47459
47463
47479
47482
47485
47486
47490
47497
47501
47503
47504
47508
47509
47510
47511
47515
47524
47527
47528
47535
47538
47970
47541
47546
47555
47565
47566
47569
47570
47579
47585
47586
47588
47350
46386
47593
47594
47596
47623
47631
47632
47633
47637
47640
47644
47648
47657
47662
47663
47664
47666
47668
47677
47680
47696
47710
47712
47714
47715
47718
47722
47725
47726
47731
47727
46132
47728
47744
47750
47753
47755
47757
47769
47770
47771
47772
47773
47778
47779
47783
47336
47786
47794
47804
47806
47811
47818
47825
47827
47832
47846
47868
47870
47873
47877
47878
47559
47892
47894
46446
47896
47826
47907
47921
47922
46810
47935
47939
47943
47949
47967
47971
47974
47979
47982
47983
47991
47992
47994
47995
46002
46004
46005
46007
47760
46012
46014
46015
46021
46134
46031
46033
46041
46043
46047
46049
46053
46054
46057
46066
46070
46071
46077
46078
46081
46084
46097
46098
46124
46126
47448
46127
46129
47739
46139
46149
46586
46158
46159
46161
46164
47603
46168
46180
47494
46193
46207
46210
46218
46221
46223
46227
46230
46236
46244
46250
46251
46256
46260
46261
46265
46270
46279
46282
46645
46285
46292
46293
46295
46306
46313
46314
46315
46321
46330
46337
46344
46353
46357
46360
46368
46373
46374
46381
46382
46384
46389
46391
46394
46395
46398
46402
46406
46412
46424
46425
46426
46429
46430
46437
46443
46445
47905
46452
46455
46456
46462
46465
46469
46473
46476
46477
46479
47111
46485
46495
46501
46504
46512
46514
46995
46519
46523
46533
46536
46736
46541
46546
46549
46562
46569
46571
46575
46582
46588
46591
46595
46600
46601
46602
46605
46607
46608
46618
46955
46214
47866
46619
46634
46646
46659
46664
46667
46669
46670
47238
46673
46688
46467
46691
46705
46711
46714
46715
46721
46729
46732
47194
46747
46751
46770
46773
46778
46782
46786
46789
47200
46791
46800
46805
46807
46808
46811
46814
46816
46818
46822
46823
46420
46827
46837
46838
46842
46843
46848
46850
46851
46855
46860
46861
46866
46574
46878
46881
46889
47245
46891
47014
46895
46913
46914
46915
46917
46919
46933
46935
46936
46938
46945
46949
46951
46954
46628
46959
46960
46968
46974
46978
46981
46989
46993
47470
46996
47004
47010
46908
47022
47027
47031
47051
47059
47061
47312
47069
47084
47087
47091
47102
47125
47145
47151
47154
47160
47164
46930
47169
47177
46338
47178
47185
47186
47197
46795
47202
47215
47217
47220
47222
47229
47234
46685
46237
47252
47255
47795
47257
47274
47278
47296
47691
47303
47306
47316
47450
47321
47361
47334
47337
47343
47590
47351
47639
47352
47357
47793
46273
47367
47369
47288
47376
47377
47379
47386
46982
47389
47401
47402
47405
47408
47409
47420
47614
46449
47429
47439
47440
47445
46128
46500
47449
47454
47456
47833
47464
47101
47653
46997
47480
47488
47492
46521
46393
47493
47498
47502
47505
47506
47507
47514
47521
47522
47529
47532
47534
47550
47553
46240
47556
47563
47573
47577
47583
47591
46447
47599
47606
47607
47610
47612
46639
47616
47636
47643
47646
47651
47478
47656
47658
47659
47661
47667
47674
47679
47687
47305
47694
47697
47698
47699
47703
47713
47716
47720
47740
46884
47742
47762
47947
47766
47775
47776
47781
47782
47787
47792
47803
47807
47808
47812
47813
47814
46307
47915
47836
47838
47840
47841
46553
47842
46316
47852
47856
47859
47861
47863
47864
46633
47875
47880
46515
47882
47884
47888
47890
47898
47920
47147
47923
47026
47925
47931
47940
47946
47954
47955
47960
47966
47969
46853
47976
46302
47980
47987
46008
46009
47837
46018
47297
47097
46020
46048
46051
47120
46063
46068
46080
46093
46099
47371
46103
46104
46106
47038
46109
46111
46112
46113
46117
46121
46122
46123
46130
46135
46136
46137
47447
46152
47078
46165
46169
46172
46176
46178
47554
46191
46206
46631
46217
46219
46225
47253
47706
46248
46252
46255
46262
46264
46269
46275
46281
47862
46852
46284
46733
46308
46319
46322
46325
46326
47183
46342
46343
46712
46351
46367
46375
46376
46378
46388
46390
47495
46401
46409
46414
46416
46419
46829
46435
46439
46453
46457
46474
46482
46483
46487
46498
46499
47327
46505
46508
46522
46753
46526
46532
46540
46545
46547
46551
47850
46718
46558
46559
46824
46561
46565
46568
46583
46594
47676
46597
46616
46617
46624
46625
46626
46636
46637
46289
46653
46654
46658
46720
46661
46672
46682
46684
46687
46693
46702
47054
46717
46723
46735
46743
46749
46752
46756
46760
46761
46764
46774
46950
46777
46788
46799
46804
46809
46813
46815
46825
46833
46836
46839
46849
47451
46856
46865
46869
47815
46510
47564
46877
46885
46576
46890
46897
46907
46910
46912
46921
46923
46142
47170
46943
46947
46952
46956
46971
46972
46990
46992
47929
47008
47015
47018
47021
47028
47029
47034
47035
47036
46110
47042
47056
47068
47076
47077
47079
47088
47089
47090
47095
46025
47475
47108
47112
47114
47115
47788
47117
47123
47128
47136
47139
47146
47159
47167
47184
47192
47195
47198
46966
47201
47212
47225
47243
47259
47261
47268
47279
47290
47294
46024
47300
47307
47309
47322
47341
47345
47347
47364
47382
47387
47398
47403
47406
47412
47413
47415
47427
47431
47444
47446
47254
47452
47465
47466
47469
47473
47474
47476
47484
47496
47513
47523
47531
47544
47545
47548
47552
46195
47557
46883
47567
47568
47572
47574
47701
46175
47611
47617
47625
47626
47628
47634
47649
47019
47218
47655
47686
47690
47695
47609
47702
46133
47734
47737
47741
47754
47756
47758
47759
46013
47767
47768
47777
47780
47430
47789
47264
47796
46776
47805
47809
46699
47819
47822
47824
47830
47831
47834
47860
47933
47874
47886
47891
47895
47911
47914
47918
47927
47936
47942
47950
47951
47961
47968
47975
47986
47989
47997
46001
46006
46017
46030
46432
46056
47704
47438
46151
46153
46160
46171
46182
46198
47313
46242
46209
46233
47561
46241
46245
46280
46297
46299
47984
46305
47854
46323
46362
46383
46397
46408
46410
46411
46433
46434
46444
47605
46463
46464
46468
46484
46492
46497
46507
47883
47547
46531
46548
46554
46570
46589
46592
46598
46614
46620
46630
46640
46642
46648
46649
46657
46680
46683
46689
47673
46696
46706
46716
46728
46750
46765
46780
46783
46792
46796
46803
46819
46830
46303
46854
46892
46899
46902
46828
46918
47239
46946
46957
47208
47400
46987
47001
47017
47033
47039
47053
47074
46334
46166
47096
47103
47109
46490
47113
47140
47141
47924
46263
47150
47171
47176
47180
47181
47207
47210
47214
47219
47221
47240
47241
46893
47258
47260
47267
47281
47293
47308
47083
46220
47320
47326
47330
47332
47355
47356
47359
47370
47374
47378
47383
47391
47396
47397
47417
47791
47436
47441
47471
47489
46415
47516
47540
47543
47558
47575
47580
47584
47600
47602
47613
47615
47618
47620
47635
47638
47353
47654
47675
46606
47688
46143
47705
47707
47709
47719
47724
47729
47733
47743
47745
47752
47765
47118
47790
47797
47821
47828
47467
47857
47869
47887
47893
47899
47906
47909
47913
47917
47885
47948
46035
47953
47981
47985
47988
47025
47990
47232
46079
46087
46090
46934
46417
46157
46170
46174
46183
46186
46188
46196
46199
46222
46238
46247
47152
46271
46274
46327
46339
46370
46371
46413
47525
46694
46496
46560
46534
46550
46567
46590
46660
46671
46730
46311
46527
46779
47938
46563
46924
46844
46863
46886
46888
46940
46901
46948
46964
47670
47020
47996
47049
47058
47067
47116
47129
47385
47179
47191
47196
47206
47262
47226
47235
47247
47275
47325
47358
47381
47433
47455
47536
47537
46784
46167
47435
47619
47630
47642
47647
47672
47735
47746
47802
47829
47839
47847
47865
47900
47919
47930
47937
47962
46032
46052
46294
47393
46896
46644
46652
47964
46857
46876
47747
46787
46999
46719
47072
47205
47678
47453
47287
47310
47380
46599
47395
47442
47457
47468
47517
47581
47592
47622
46701
47810
47820
46290
47871
47901
47998
46039
46115
46232
46379
46448
46797
47009
47063
47131
47227
46858
47477
47624
47645
47682
46831
46879
47835
46369
46502
47627
46632
46204
