64004
64799
65869
64017
64034
64080
64107
64125
64144
64183
64186
64205
64229
64246
64275
64282
64283
64349
64409
64410
64429
64430
64432
64454
64470
64476
64492
64497
64502
64521
64554
64578
64622
64659
64662
64675
64724
64744
64756
64770
64775
64809
64817
64840
64869
64870
64930
64940
64920
64964
65620
65010
65029
65067
65076
65104
65132
65152
65163
65183
65194
65195
65203
65241
65244
65247
65272
65286
65295
65300
65310
65315
65346
65347
65375
65376
64541
65405
65460
65465
65467
65514
65534
65570
65575
65612
65619
65652
65674
65317
65698
65729
65732
64819
65772
65774
65807
65853
65857
65861
65881
65897
65903
65967
65986
64008
65608
64010
64023
64028
64032
64056
64059
65400
64060
64068
65946
65518
64083
64095
64096
64097
64105
64108
64113
64119
64120
64121
64728
64123
64146
64159
64168
64179
64181
65929
64196
64215
64217
64223
64067
64242
64254
65457
64255
64272
64273
64288
64292
64295
64296
64297
65868
64305
64317
64323
64324
64328
64330
64331
64333
64334
64335
64340
64350
64971
64351
64360
64362
64365
64379
64388
64391
64398
64401
64406
64411
64413
64414
64424
64436
64460
64491
64495
64496
64499
64504
64505
64512
64517
64522
64525
64526
64529
64531
64537
64538
64542
64550
64552
64553
64558
64567
64573
64576
64582
64583
64592
64597
64621
64638
64639
64651
64652
64654
64322
64655
64672
64676
64693
64694
64702
64902
64718
64720
64722
64723
64748
64755
64758
64762
64763
64777
64783
64789
64792
64810
64374
64816
64850
64873
64885
64886
64894
64901
64924
64936
64938
64084
64939
64952
64965
64968
64979
64982
64198
64984
64988
65018
65033
65042
65044
65047
65073
65077
65097
64151
65100
65103
65517
64717
65106
65128
65131
65136
65140
65144
65151
65160
65164
65165
64769
65170
65187
65188
65204
65205
65206
65221
65232
65238
65254
65255
65257
65270
65282
65283
65289
65291
65292
65296
65297
65304
65316
65320
65328
65331
65333
65338
65339
65340
65349
65365
65373
65371
65377
65384
64063
65420
65425
65446
65456
65464
65473
65483
65485
65501
65504
65710
65512
65515
65110
65521
65533
65538
65546
65548
65549
65552
64149
65553
65558
65560
65567
65573
65576
65585
65588
65598
65601
65609
65610
65624
65631
65633
65649
65650
65659
65672
65673
65699
65709
65731
65733
65758
65781
65793
65794
65795
65796
65801
65809
65816
65826
65837
65846
65850
65852
65858
65880
65884
65886
65887
65888
65889
65894
65899
65901
65905
65908
65910
65920
65923
65927
65934
65948
65954
65955
65959
65961
65965
65976
65990
64407
64665
65997
64006
64012
64018
64020
64021
64022
64030
64033
64036
64038
64040
64046
64049
64065
64066
64070
64074
64075
64077
64086
64092
64103
64106
64111
64114
64124
64126
64165
64130
64136
64138
64140
64141
64143
64152
64991
64154
64170
64176
64180
64184
64185
64187
64189
64201
64207
65725
65565
64212
64216
64218
64221
64224
64225
64231
64264
64235
64240
64247
64251
64258
64259
64261
64263
64267
64268
65830
64277
64280
64285
64289
64299
64300
64302
64303
64309
64310
64314
64316
64319
64320
64336
64338
64339
64343
64344
64346
64347
64352
64354
64355
64375
64377
65418
64383
64397
64412
64416
64417
64431
64437
65051
64197
64441
64450
64461
64464
64466
64469
64473
64478
64482
64483
64663
65856
64484
64490
64498
64500
64508
64511
64514
64515
64518
64519
64520
64523
64524
64532
64534
64539
64545
64546
64549
64557
64561
64566
64571
64575
64580
64584
64588
64594
64600
64603
64605
64608
64610
64611
64614
64615
64617
64623
64625
64630
64631
64632
64653
64664
64677
64690
64692
65760
64697
64699
64701
64710
64715
64731
64735
65611
64737
64739
64740
64742
64751
64761
64768
64772
64773
64489
64781
64462
64788
64815
64829
64832
64837
64838
65348
64844
64855
64858
64864
64868
64872
64875
64879
64882
64897
64719
64904
64912
64917
64919
64925
64926
64929
64931
64934
64935
64937
64944
64958
64959
64962
64974
64976
64978
64986
65892
64992
65001
65002
65007
65009
64239
65011
65020
65022
65026
65031
65038
65045
65053
65055
65063
65064
65066
65071
65074
65081
65083
65085
65089
65090
65092
64590
65093
65112
65113
65117
65123
65130
65134
65137
65141
65949
65142
65150
65153
65158
65161
65168
65172
65175
65181
65182
65185
65186
65191
65198
65199
65208
65209
65212
65213
65217
65218
65223
65225
65488
65227
65233
65234
65236
65240
65246
65248
64071
65258
65263
65265
65266
65267
65268
65275
65279
65280
65299
65308
65323
65326
65329
65330
65335
65337
65342
65350
65354
65355
65360
65362
65364
65367
65382
65395
65401
65402
65844
65404
65409
65415
65416
65417
65419
65423
65430
65432
65655
65435
65441
65442
65443
65444
65445
65447
65448
65449
64256
65461
65463
64911
65466
65478
65481
65486
65497
65498
65499
65503
65505
64794
65520
65525
65527
65531
65539
65683
65540
65864
65550
65554
65557
65566
65568
65574
65578
65579
65580
65581
65015
65587
65593
65597
65602
65603
65605
65615
65616
64811
65617
65627
64878
65634
65648
65105
65656
65666
65670
65671
65675
65544
65684
65686
65690
65691
65695
65700
65701
65513
65717
65719
65726
65727
65741
65747
65748
65751
65753
65757
65762
65763
65764
65775
65777
65778
65783
65784
65785
65786
65788
65790
65792
65802
65808
65813
65814
65821
65823
65829
65834
65835
65840
65841
65849
65862
65870
65000
65896
65898
65915
65917
65918
65926
65468
65931
65943
65944
65951
65630
65953
65958
65964
65966
65968
65970
65971
65974
65977
65979
65980
65981
65987
64996
65989
64852
64002
64014
64019
64024
64155
64025
64031
64035
64037
64863
64039
64045
64047
64048
64051
64052
64053
64054
64058
64061
65259
64078
64942
64089
64091
64101
64109
64110
64118
64122
64127
64129
64132
64133
64135
64142
65930
64148
64175
64177
64178
64191
64192
64193
64195
64156
65250
64199
64206
64209
64211
64222
64602
64226
64230
64232
64233
64244
64253
64262
64238
64274
64281
64286
64913
64287
64304
64307
64312
64315
64321
64661
64895
64327
64342
64345
64356
64357
64361
64363
64367
64373
64376
64378
64382
64390
64393
64399
64403
64415
64923
64418
64433
64434
64438
64443
64444
64449
64453
65664
64455
64459
64465
64471
64487
64488
64494
64503
64513
64203
64516
64530
64535
64536
64540
64547
64551
64562
64574
64581
64585
64587
65470
64593
64609
64619
64624
64626
64628
64635
64642
65641
64643
64649
64657
64671
64674
64679
64682
64683
64685
64686
64689
64691
64696
64700
64703
64704
64705
64706
64707
64709
64711
64712
64713
64721
64733
64741
64743
64749
64754
64766
64767
64776
64780
64787
65524
65604
64795
64801
64877
64808
64813
64814
64818
64820
64822
64825
64826
64830
64833
64834
64839
64841
64851
64853
64854
64859
64680
64860
64874
65643
64880
64884
64887
64898
64900
64903
64906
64907
65469
64916
64994
64921
64922
64927
64928
64941
64946
64950
64951
64954
64955
64956
64961
64967
64969
64358
64975
64995
64150
65993
64999
65013
65591
65016
65021
65025
65028
65032
65035
65036
65043
65048
65122
64445
65056
65058
65059
65070
65072
65075
65078
65079
65084
65086
65962
65095
65098
65107
65108
65114
65116
65118
65119
65120
65126
65129
65133
65135
65138
65139
65156
65157
65162
65166
65167
65178
65180
65192
65193
65200
65207
65210
65972
65214
65224
65229
65243
65353
65262
65271
65274
64479
65302
65306
65312
65313
65707
65319
65321
65322
65324
65336
65343
65344
64849
65264
65357
65358
65361
65060
65366
65379
65383
65386
65389
65393
65394
65410
65422
65426
65427
65433
65436
65453
65455
65459
64599
65471
65472
65474
65475
65476
65477
65479
65171
65480
65491
65332
65492
65495
65496
65502
65508
65510
64094
65545
65555
65561
65563
65569
65577
65583
65590
64480
65600
64738
65613
65614
65017
65621
65626
65628
65632
64481
65635
65639
65640
65642
65645
65646
65647
65657
65658
64456
65667
65676
65677
65681
65685
65692
65702
65703
65704
65713
65715
65721
65724
65734
65738
65742
65743
65746
65190
65749
65755
65756
64698
65766
65779
65780
65789
65797
65798
65800
65806
65811
65817
65819
65820
65824
64279
65831
65836
65406
65845
65847
64486
65859
65863
65866
64027
65871
65873
65874
65876
65877
65882
65885
65890
65891
65893
65900
65902
65906
65689
65907
65914
65924
65939
65390
64087
65950
65952
65960
65096
65982
65983
65988
65992
65994
65995
65996
64001
64011
64013
64016
64029
64041
64042
64050
64057
65991
64064
64073
64076
64088
64090
64093
64637
64098
64112
64115
64117
64139
64145
64147
64153
64026
64200
64160
64161
64182
64188
64190
64448
64202
64208
64210
64219
64228
64237
65019
64243
64270
64271
64291
64311
64325
64326
64341
65848
64348
64359
64369
65148
64372
64385
64387
64389
64395
64402
65231
64404
64421
64423
64427
65489
64428
64442
64447
64452
64807
64467
64468
64786
64493
64509
64527
64533
65408
64544
64556
64559
64804
64560
64565
64568
64570
64572
64577
64586
64589
65111
64591
64595
64596
64598
64601
64606
64612
64613
64616
64627
64634
64636
64640
64641
64648
64658
64485
64003
64666
64668
64669
64678
64861
64684
64708
64716
65127
64725
64734
64745
64757
64759
64764
65174
64771
64774
64791
64800
64802
64803
64564
64805
65773
64827
64828
64831
64687
64835
64845
64005
64044
64865
64866
64867
64812
64889
64890
64891
64892
65596
64893
64896
64915
65341
64918
65956
64933
64949
65522
64960
64973
64977
64980
64981
64983
64987
64990
64997
65004
65005
65008
65012
65039
65041
65370
65062
65065
65082
65087
65091
65482
65094
65109
65121
65125
65147
64384
65149
65154
65169
65179
65184
65196
65506
65197
65211
64234
65230
65237
65251
65253
65260
65269
65273
65277
65281
65284
65294
65298
65307
64131
65311
65325
64932
65356
65359
65368
65369
65378
65388
65391
65392
65403
65407
65411
65413
64396
65037
65421
65451
65458
65099
64405
64440
65511
65526
65529
65532
65535
65287
65536
65541
65559
65571
65572
65582
65586
65252
65594
65599
65618
65622
65629
64948
65637
65638
65651
65654
65439
65661
65679
65202
65912
65696
65705
65712
65716
64164
65718
65728
65351
65730
65737
65745
64821
64269
65765
65776
65782
65787
65791
65805
65812
65818
65825
65827
65828
65832
65842
65843
65851
65854
65867
64306
65879
65904
65909
65925
65928
64985
64166
65933
65935
65938
65945
65947
65957
65975
65978
65985
64250
64009
64043
64055
64062
64069
64079
64081
64647
64082
64099
64100
64116
65739
65314
64607
64157
64163
65722
64167
64169
64171
64172
64194
64204
65235
64236
64249
64266
65771
64284
64294
64301
64308
64332
64846
64381
64386
64392
64394
64400
65999
64408
64435
64439
64457
64463
64472
64474
64477
64798
65636
64507
64510
64555
64563
64569
64579
64227
64604
64618
64633
64104
64644
64645
64085
64650
64660
64667
64670
65708
65027
64688
64730
64732
64366
64736
64752
64760
64779
64782
64784
64785
64790
64793
65625
65769
65838
64824
64856
64857
64881
64883
64899
64908
64909
64910
64943
64947
64989
64993
65006
65014
64714
65030
65440
65040
65050
65057
65068
65080
65088
65102
65054
65143
65146
64248
65177
65201
65216
65219
65226
64528
65261
65276
65278
65288
65293
65305
65309
65327
65493
65334
65735
65352
65372
65381
64876
65385
65414
65437
65438
65450
65454
65462
65487
65500
65693
65509
65516
64963
65542
65543
64245
65564
65592
65607
65623
65653
65660
65668
64847
65678
65711
65714
65723
65556
65740
65750
65761
65767
65768
65770
65688
65855
65860
65551
65875
65878
65911
65913
65916
65922
65932
65940
65942
65963
65222
65984
64000
64072
64102
64128
64998
64173
64220
64241
64214
64252
64260
64265
64278
64293
64313
64318
64337
64747
64371
64380
64419
64425
64451
64458
65303
64501
64543
64548
64158
64620
64681
64726
64727
64729
64746
64753
64765
64797
64823
64862
65399
64905
64290
64914
64420
64953
64966
64970
64972
64134
65003
65024
65049
65061
65115
65124
65155
65159
65490
65173
65754
65215
65249
65220
65239
65245
65595
65256
65537
65318
65363
65145
65396
65398
65412
65428
65434
65494
65519
65523
65528
64673
65547
65584
64329
65606
65662
65663
65680
65682
65687
65694
65697
65720
64213
65736
65744
65752
65759
65804
65810
65815
65872
65883
65895
65919
65921
65936
65941
65969
65973
65101
64162
64276
64364
64422
64426
64446
64629
64656
65562
64137
64750
64778
64796
64806
64836
64888
64945
64957
65023
65046
65069
65176
65242
65290
65345
65374
65387
65429
65452
65937
65484
65507
65530
64015
65644
65669
65706
65799
65803
65822
65839
65998
64007
65189
64257
64298
64368
64370
64475
64506
64843
64848
64871
65034
65665
65228
65285
65380
65397
65424
65431
65589
64646
64695
65833
64174
64842
65301
64353
