48025
48327
49024
48026
48116
48125
48145
48148
48152
48204
48213
48216
48233
48239
48251
48285
48295
48312
48338
48374
48399
48407
48467
48477
48482
48501
48531
48615
48629
48640
48681
48736
48752
48774
48780
49550
48805
48828
48855
48871
48889
48158
48893
49891
48928
48949
48970
49004
49022
49031
49064
49103
49749
49485
49110
49159
49174
49195
49208
49215
49225
49271
49286
49303
49333
49344
49345
49359
49363
49393
49420
49441
49454
49479
49490
49498
49500
49545
49580
49582
49605
49608
49623
49645
49649
49692
49772
49791
49813
49825
49841
49875
49925
49936
49941
49983
49999
48006
48015
48016
48019
48021
48022
48031
48043
49043
48044
48060
48074
48962
48081
48091
48093
48096
48100
48101
48131
48106
48120
48136
48141
48151
48153
48154
48161
48163
48167
48174
48179
48180
48185
48189
48201
48214
48227
49068
48230
48240
48252
48258
48261
48263
48265
48271
48276
48277
48287
48299
48309
48311
48324
48332
48355
48803
48361
48367
48373
48375
48377
48392
48393
48398
49387
48400
48417
48418
48426
48432
48441
49958
48712
48442
48461
48468
48481
48489
48495
48503
48504
48507
48514
48522
48524
49304
48539
48565
48571
48575
48585
49062
48593
48604
48605
48607
48633
48639
48642
48649
48651
48655
48660
48668
48669
48671
48672
48678
48717
48719
48735
48738
48744
48749
48754
48758
48772
48773
48782
48786
48790
48807
48817
48822
48827
48833
48835
48838
48839
48842
48850
48181
48856
48866
48885
48897
48900
48917
48924
48937
48939
48946
48952
48957
48958
48961
48974
48980
48982
48985
48987
48993
48995
49000
49001
48840
49002
49030
48203
49038
49042
49060
48597
49079
49083
49086
49088
49089
49094
49095
49098
49099
49111
49113
49116
49120
49121
49122
49138
49143
49160
49170
49176
49181
48910
49183
49192
49194
49618
49198
49207
49210
49218
49236
49240
49248
49261
49262
49264
49270
49275
49276
48065
49281
49290
49296
49327
49332
49334
49340
49341
49357
49358
49376
49377
49378
49380
49385
49389
49409
49415
49425
49436
49440
49442
49446
49450
49452
49453
49455
49464
49476
49478
49481
49482
49483
49487
49495
49520
49521
49525
49526
49529
49539
48029
49544
49575
49576
49589
49590
49591
49594
49598
49612
49613
49619
49626
49634
49636
49646
49665
49670
48562
49673
49680
49728
49740
49756
49780
49794
49263
49801
49806
49812
49835
49839
49857
49285
49864
49398
49867
49895
49896
49901
48941
49904
49913
49918
49920
49845
48197
49928
49952
49970
49973
49977
49981
49997
48005
48011
48020
48024
48128
48032
48045
48051
48055
48059
48066
48068
48070
48071
48076
49897
48814
48084
48099
48108
48110
48118
48126
48130
48132
48134
48138
48139
48144
48149
48155
48915
48159
48160
48166
48335
48171
48175
48177
48186
48634
48188
49900
48199
48210
48224
48225
48228
48231
48241
48250
48253
48262
48267
48268
48274
48279
48368
48314
48317
48319
48328
48330
48333
48337
48342
48344
48345
48346
48347
48348
48354
48356
48362
48366
48376
48382
48390
48394
48403
48404
48408
48411
48414
48415
48416
48422
48423
49615
48424
48433
48437
48439
48444
48446
48447
48449
48454
48456
48457
48458
48460
48466
48470
48997
48471
48490
48492
48496
48497
48500
48511
48512
48513
48517
48521
48525
48527
48529
48533
48534
48538
48541
48542
48572
48543
48554
48559
48560
48564
48566
48568
48570
49725
48579
48596
48611
48613
48618
48619
48625
48631
48632
48192
48637
48638
48652
48663
48509
48666
48675
48677
48680
48683
48684
48692
48694
48494
48696
48699
48701
48702
48708
48709
48711
48714
48715
48720
49730
48057
49431
48721
48747
48756
48767
48775
48776
48778
48779
49783
48783
48802
48364
48806
48816
48820
48825
48837
48843
48851
48869
48872
48892
48894
48899
48903
48904
48906
49906
48914
48923
48936
48938
48942
48944
48953
49471
48960
48967
48975
48978
48986
48990
48992
48994
48998
49005
49012
49014
49027
49032
49034
49035
49096
49037
49046
49049
49061
49067
49071
49073
48086
49076
49078
49091
49100
49104
49105
49106
49114
49118
49119
49126
49127
49128
49133
49135
49137
49139
49140
49145
49146
49148
49149
49152
49161
49163
49168
49178
49179
49182
49190
49191
49201
49216
49292
49406
49219
49247
49249
49251
49252
49254
49097
49258
49268
49272
49274
49282
49295
49299
49302
49308
49310
49311
48219
49315
49319
49324
49335
49337
49343
49348
49351
49352
49356
49361
49364
49381
49382
49384
48410
49392
48123
49820
49394
49407
49419
49421
49422
49423
49426
49427
49429
49434
49438
49447
49458
49460
49467
49468
49599
48966
49474
49136
48793
49486
49493
49496
49502
49507
49508
49516
49518
49523
49524
49546
49547
49551
49553
49554
49558
49574
49579
49586
49593
49601
49606
49611
49614
49617
49620
49567
49622
49629
49630
49633
49639
49650
49653
49658
49854
49666
49188
49674
49684
49685
49686
49688
49697
49698
49699
49706
49707
49709
49717
49726
49734
49742
49124
49751
49755
49760
49765
49771
49578
49779
49785
49787
49790
49795
49808
49810
49819
48229
49824
48548
49934
49847
49852
49861
49868
49871
49874
49877
49880
49884
49894
49911
49914
48062
49931
49944
49946
49947
49232
49955
49960
49967
49968
49969
49974
49980
49984
49990
49992
49995
48000
48002
48003
48008
49433
48010
49548
48033
48035
48036
48037
48039
48041
48054
48058
49283
48077
48078
48080
48082
48085
48577
48088
48095
48097
48103
48105
48107
48109
48115
48124
48114
48137
48140
48156
48162
48165
48168
48183
48191
48194
48206
48207
48212
48215
49323
48222
48226
49830
48232
48245
48249
48256
48257
48260
48288
48289
48293
48294
48298
48305
48306
48307
48308
48313
48316
48320
48323
48329
48331
48172
48339
48341
48349
48350
48352
48369
48370
48372
48379
48381
48384
48387
48388
49987
48406
48425
48431
48550
48435
48445
48451
48455
48474
48476
48480
49924
48484
48488
48499
49602
48506
48515
48516
49703
48518
48520
48528
48530
48536
48544
48546
49846
48549
48557
48558
48858
49675
48576
48090
48580
48582
48584
48587
48589
48591
48595
48598
48599
48600
48601
48603
48606
48610
48526
48614
48622
48630
48635
48636
48014
48641
48647
48650
48656
48657
48658
48664
48665
48673
48682
48687
48691
48698
48700
48704
48710
48726
48729
48731
48733
48737
48742
48743
48745
48746
48748
48750
48755
48759
48762
48763
48765
48768
48777
48784
48785
48788
48794
48795
48798
48801
48808
48809
48811
48094
48815
48824
48826
48829
48836
48841
48845
48846
48574
48861
48863
48867
48870
48874
48877
48881
48883
48890
48896
48905
48907
48909
49682
48912
48913
48918
48047
48926
48919
48951
48954
48955
48956
49789
48083
48972
48973
48981
48983
48989
48996
48999
49007
49009
49010
49013
49016
49017
49018
49020
49028
49033
49050
49051
49052
49053
49054
49057
49065
49066
49074
49075
49085
49803
49108
49109
49129
49131
49134
49142
49151
49157
49158
49162
49164
49171
49175
49177
49180
49185
49186
49193
49197
49203
49209
49211
49212
49217
49220
49223
49227
49228
49230
49233
49993
49237
49242
49246
49253
49255
49256
49257
49259
49260
49284
49866
49287
49288
49291
49300
49301
49312
49313
49316
49318
49325
49328
49336
49338
49342
49350
49360
49372
49373
49379
49388
49391
49395
49396
49399
49400
49401
49404
49408
49410
49954
49412
49417
49842
49424
49443
49449
49456
49461
49463
49465
49489
49501
49509
49511
49512
49513
48196
49514
49517
48244
49528
49537
49540
49541
49543
49556
49557
49560
49562
49628
49573
49584
49587
49592
49595
48510
49607
49683
49616
49625
49627
49641
49642
49648
49651
49652
49656
49657
49660
49663
48770
49667
49677
49678
49679
49624
49687
49690
49693
49694
49695
49701
49704
49710
49711
49713
49716
49718
49720
49721
49723
49724
49727
49732
48865
48608
49733
49745
49746
49747
49748
49752
49754
49758
49759
49763
49767
49769
49770
49775
49778
48796
49792
49796
49797
49799
49814
49822
49836
49945
49837
49250
49850
49856
48697
49860
49870
49873
49876
49878
49879
48264
49881
49898
48209
49907
49908
49919
49922
49923
49927
49929
49930
49939
49940
49948
49957
49971
49975
49978
49979
49988
49991
49998
48004
48007
48009
48645
48023
48027
48028
48030
48034
48040
48930
48049
48728
48061
48067
48069
48072
48073
48075
48079
48087
48089
48098
48102
48104
48117
48119
48042
48129
48133
48135
48142
48146
48147
48150
48164
48169
48170
48173
48178
48182
48193
49515
48200
48202
48205
48211
48217
48218
49317
48220
48221
48238
49536
48246
48247
48254
48255
48266
48272
48278
48280
48283
48284
48290
48292
48300
48318
48322
48334
48343
48358
48360
48363
48365
48854
48380
48389
48395
48409
48413
48420
48421
48427
48428
48434
48438
48453
48464
48465
48469
48472
48475
48485
48486
48502
48505
48508
48523
48535
48545
48547
48436
48551
48555
48553
48573
48583
48586
48590
48594
48602
49741
48612
48616
48620
48623
48624
48626
48628
48643
48644
48648
48653
48654
48661
48479
48662
48676
48679
48685
48689
48693
48695
48703
48706
48707
48718
48724
48725
48727
48730
48739
48741
48751
48753
48757
48760
48764
49439
48769
48787
48792
49491
48797
48269
48800
48818
48819
48832
48848
48385
48859
48862
48864
48873
48875
48879
48882
48886
48887
48888
48895
49671
49858
48898
48911
48921
48927
48931
48933
48935
48940
48943
48947
48948
48950
48959
48963
48968
48971
48976
48473
49003
49006
49021
49023
49026
49039
49040
49048
49058
49059
49063
49070
49081
49082
49084
49087
49101
49107
49112
49115
49123
49125
49141
49147
49153
49156
49165
49166
49200
49204
49205
49213
49214
49224
49229
49234
49238
49245
49267
49269
49277
49278
49279
49280
49298
49307
49309
48740
49314
49330
49346
49353
49365
49366
49371
49374
49383
49386
49390
49397
49959
49411
49413
49859
48713
49689
49430
49437
48771
49444
49445
49451
49243
49457
49462
49469
49470
49473
49475
49484
49488
49494
49503
49504
49519
49522
49531
49533
49534
49549
48813
49552
49564
49565
49566
49570
49571
49784
49581
49583
49588
49596
49472
49600
49199
49631
49635
49637
49638
49644
49647
49654
49655
49659
49669
49691
49696
49702
49708
49715
48588
49729
49731
49736
49743
49753
49757
49762
48979
49764
49776
49777
49786
49781
49793
49800
49805
49807
49809
49815
49816
49821
49823
49538
49829
49840
49843
49855
49872
49882
49886
49899
49905
49917
48248
49326
48487
49933
49942
49943
49844
49950
49951
49953
49414
49956
48450
49962
49963
49972
49976
49985
48419
49989
49994
48012
48017
48018
48048
48052
48053
49938
48063
49077
48113
48121
48143
48934
48176
48190
48195
48198
49041
48208
48234
48235
48242
48243
48259
49890
48812
48270
48273
48275
48282
48286
48291
48297
48302
48303
48315
48326
48336
48359
48371
48378
48383
48386
48396
48397
48401
48405
48412
48430
48443
48448
48462
48478
48667
48491
48498
48670
48617
48532
48537
48540
48552
48556
48569
48578
48621
48627
48646
48659
48674
48686
48688
48705
48459
48013
48716
48723
48734
48761
48766
48781
48789
48799
48821
48823
48831
48834
48844
48852
48853
48868
48878
48880
48884
48922
48925
49403
48929
48964
49766
48984
48988
48991
49008
49015
49036
49047
49055
49056
48236
49069
49072
49092
49093
49102
49130
49154
49155
49169
49184
49187
49196
49202
49206
49221
49239
49459
49244
49853
49265
49266
49289
49294
49297
48561
49305
49306
49322
48223
49932
49339
49349
49354
49355
49369
49370
49375
49402
49681
49418
49448
49477
49506
49527
49532
49535
49833
49542
49555
49559
49568
49569
49597
49609
49621
49643
49661
48519
49705
49712
49714
49719
49750
49773
49782
48969
49802
49804
49811
49231
49826
49828
49831
49832
49834
49838
49428
49849
49851
49668
49865
49883
49888
49889
49892
48092
49903
49912
49916
49935
49961
49965
49982
49241
48038
48046
48064
48112
48122
48127
49937
48237
48296
48304
48310
48321
48325
49563
48340
48357
48402
48440
48452
48483
48563
48567
48581
48592
48609
48690
49329
48901
48791
48804
48810
48830
49019
48847
48849
48857
48891
48916
49011
49480
49029
49045
49132
49144
49150
49172
49189
49827
49235
49293
49321
49331
49362
49368
48932
49090
49492
49497
49505
49510
49561
49572
49603
49604
49610
49632
49672
49432
49435
49700
49722
49735
49737
49744
49761
49768
49798
49817
49405
49848
48908
48732
49862
49863
49885
49887
49902
49915
49921
49949
49964
49966
49996
48111
48945
48157
48184
48187
49926
48301
48353
48391
48463
49869
48876
48860
48965
48977
49025
49044
49080
49173
49222
49273
49226
49347
49416
49499
49530
48351
49585
48429
49640
49662
49676
48722
49774
49818
49910
48001
48493
48902
48920
48056
48050
49117
49167
49320
49367
49466
49577
49664
49739
49893
49909
49986
49788
