8003
9666
8019
8121
8142
8150
8162
8170
8188
8202
8214
8220
8227
8242
8812
8441
9011
8256
8318
8320
8336
8344
8371
8392
8412
8423
8445
8474
8566
8604
9390
8608
8657
9337
8668
8729
8741
8780
8784
8850
8875
8896
8897
8909
8911
8922
8931
8997
9002
9017
9035
9039
9073
9096
9113
9132
9159
9192
9206
9216
9220
9273
9292
9347
9400
9401
9438
9232
9459
9514
9525
9580
9583
9591
9604
9634
9642
9665
9707
9768
9769
9805
9811
9843
9848
9857
9888
9892
9899
9905
9917
9919
9938
9979
8004
9858
8013
8017
8025
8034
8036
8045
8048
8063
8066
8069
8072
8073
8082
8083
8086
8089
8091
8106
8108
8113
8134
8140
8144
8146
8148
8169
8177
8205
8457
8207
8219
8225
8232
8233
8239
8245
8251
8261
8274
8275
8289
8294
8296
8297
8311
8314
8321
8327
8340
8345
8348
8355
8365
8367
8377
8381
8388
8406
8409
8415
8417
8420
8434
8436
8451
8454
8215
8460
8468
8477
8489
8497
8499
8505
8518
8519
8520
8521
8523
8531
8539
8542
8548
8549
8563
8593
8599
8606
8624
8625
8638
8654
8678
8683
8697
8699
8703
8705
8706
8707
8711
8726
8732
8733
8742
8743
8751
8754
8760
8766
8768
8771
9319
8794
8773
9358
8776
8779
8781
8786
8787
8791
8799
8821
8823
9983
8824
8826
8851
8853
8862
8885
8894
8902
8912
8932
8942
8976
8985
8988
8992
8999
9000
9007
9008
9026
8618
9897
9027
9421
9040
8493
9048
9057
9059
9060
9061
9064
9065
9089
9099
9103
9112
9124
9125
9128
9135
9137
9144
9149
9151
9164
9174
9178
9179
9181
9187
9201
9207
9210
9212
9214
9225
9229
9242
9253
8712
9256
9277
9285
9287
9299
9311
9330
9335
9339
9345
9350
8292
8777
9369
8818
9373
9405
9407
9409
9412
9422
9430
9439
9156
9443
9453
9455
9456
9458
9463
8349
9464
9478
9479
9565
9485
9492
9497
9501
9504
9531
9532
9541
9546
9549
9550
9564
9566
9576
9588
9589
9597
9598
9608
9611
9626
9649
9652
9654
9661
9664
9667
9672
9680
9681
9685
9701
9704
8405
9712
9733
9735
9736
9744
9749
9750
9760
9761
9764
9775
9777
9098
9788
9795
9801
9814
9819
9824
9855
9859
9861
8684
9879
9900
9886
9902
9913
9920
9939
9945
9950
9952
9965
9969
9984
9987
9994
9997
8000
8001
8005
8006
8012
8031
8033
8037
8043
8136
8050
8060
8068
8071
8081
8088
8887
8090
8093
8102
8103
8105
8107
8110
8115
8119
8123
8125
9420
8129
8135
8137
8138
8139
8141
8143
8149
8155
8158
8160
8166
8174
8179
8181
8183
8185
8186
8189
8190
8191
8192
8193
8194
8199
8203
8211
8213
8217
8221
8224
8228
8238
8243
8250
8262
8264
8265
8267
8268
8270
8271
8272
8273
8283
8284
8290
8303
8306
8308
8309
8322
8328
8626
8330
8337
8339
8342
8346
9471
8350
9911
8353
9940
8364
8394
8398
8400
8402
8403
8410
8418
8421
8427
8438
8443
8455
8461
9890
8463
8465
8466
8472
8473
8482
8486
8496
8498
8502
8507
8508
8511
9224
8332
8516
8527
8529
8530
8538
8541
8543
8546
8550
8551
8553
8555
8559
8560
9901
8573
8580
8585
8587
8260
8589
8591
8600
8601
8605
8616
8619
8621
8623
8639
8641
8643
8645
8647
8664
8665
8670
8671
8680
8688
8888
8692
8696
8708
8720
8722
8730
8731
8734
8745
8749
8750
8753
8755
8758
8762
8767
8770
8793
8795
8801
8802
8807
8810
8811
8817
9386
8831
8833
8835
9731
8792
8838
8849
8852
8855
8865
8868
9054
8869
8877
8884
8886
8889
8898
8903
8905
8910
8485
8913
8916
8927
8936
8939
8941
8943
8947
8956
8958
8962
8969
8642
8970
8974
8975
8978
8979
8987
8990
8991
8994
9006
9010
9015
9016
9019
9020
9024
9030
9031
9036
9045
9051
9053
9067
8064
8940
9074
9086
9087
8257
9088
9860
9094
9100
9102
9106
9109
9111
9114
9121
9130
9133
9136
9138
9141
9142
9145
9148
9153
9154
9163
9168
9171
9173
9180
9184
9190
9193
9195
9196
9205
9211
9219
9221
8095
9226
9241
9244
8475
9245
9259
9265
9276
8157
9119
9278
9290
9295
9296
9297
9252
9300
9309
9317
9320
9325
9334
8691
9338
9348
9349
9355
9357
9362
9363
9372
9377
9378
9381
9382
9388
9393
9403
9413
9419
9043
9423
9427
9428
8577
9433
9436
9437
9442
9444
9447
9448
9450
9454
9461
8544
9469
9475
9476
9480
9482
9483
9484
9491
9496
9498
9506
9510
9512
9518
9521
9526
9529
9533
9538
9544
9545
9548
9551
9558
9559
9562
9489
9568
8324
9569
9573
9575
9581
9592
9387
9602
9618
9630
9637
9638
9639
9640
9644
9650
9653
9656
9658
9660
9668
9669
9675
9679
9683
9697
9698
9699
9700
9705
9709
9713
9714
9718
9719
9724
9742
9751
9756
9771
8319
9774
9787
9791
9794
9802
9804
9818
9821
9826
9827
9832
9836
9847
9850
9866
9871
9708
9222
8058
9875
9038
9906
9909
9923
9928
9930
9933
8130
9937
9946
9947
9951
9954
9957
9962
9964
9970
9971
9972
9973
9974
9977
9978
9980
9986
9990
9991
9993
9999
8700
8010
8014
8020
8026
8038
8047
8049
8051
8052
9912
8054
8056
8061
8067
8074
8076
8078
8084
8085
8097
8099
8100
8120
8122
8124
8126
8132
8053
8145
8152
8153
8159
8161
8168
8171
8187
8197
9157
8210
8222
8223
8226
8735
8230
8237
8254
8258
8590
8263
8279
8280
8281
8282
8288
8291
8298
8305
8313
8331
8333
8352
8358
8359
8362
8368
8369
8370
8372
8375
8376
8378
8386
8391
8393
8178
8399
8419
8422
8425
8429
8430
8435
8442
8446
8360
8447
8452
8456
8459
8469
8470
8479
8488
8904
8490
8509
9283
8510
8513
8517
8525
8528
8534
9472
8554
8556
8564
8570
8572
8576
8579
8581
8592
8094
8594
8602
8611
8612
8613
8615
8617
9029
8627
8628
8644
8646
8648
8653
8655
8656
8659
8661
8663
8674
8675
8873
8676
8686
8690
8693
8694
8698
8011
8701
8704
8954
8709
8714
8716
8723
8736
8738
8739
8759
9595
8764
8797
9992
8387
8800
8806
8808
8809
8300
8813
8820
8822
8827
8829
8832
8841
8846
9468
9294
8848
8746
8859
8871
8872
8874
8876
8878
8880
8891
8901
8506
8908
8914
8917
8921
8926
8929
8933
8935
8944
8948
8949
8950
8951
8952
8953
8964
8966
8983
8984
8998
9009
8317
9014
9755
9018
9025
9041
9042
9046
8112
9049
8870
9055
9058
9063
9066
9070
9072
9076
9078
9104
9079
9083
9097
9793
8634
9108
9115
9117
9118
9122
9126
9129
9131
9134
9147
9152
9155
9162
9182
9185
9186
9188
9191
9194
9203
9204
9213
9215
9217
9223
8522
9227
9228
9231
9234
9238
8484
9239
9249
8633
9251
9258
9261
9262
9266
9268
9281
9286
9298
9304
9305
9306
9307
9313
9315
8774
9322
9587
9324
9329
9332
9341
9346
9367
9368
9374
9379
9380
9385
9613
9396
9397
9399
9406
9411
9414
9415
9416
9418
9424
9425
9426
9434
9440
9452
9457
9462
9467
9470
9474
8504
9621
9481
9880
9503
9513
8597
9523
9528
9530
9539
9542
9567
9572
9574
8861
9578
9586
9590
8796
9599
9601
9603
9605
9606
9607
9609
9615
9619
9080
9616
9622
9633
9966
9641
8669
9646
9651
9655
9663
9678
9689
9696
9702
9703
9711
9720
9721
9722
9726
8839
9737
9738
9743
9746
9747
9752
9753
9757
9759
9763
9765
9767
9770
9772
9773
9776
9778
9780
9782
9784
9785
9786
9792
9797
9809
9810
9812
9813
9820
9926
8882
9823
9846
9852
9394
9853
9867
9868
9870
9872
9873
9876
9511
9881
9883
9885
9908
9887
9891
9896
8575
9914
9915
9924
9927
9932
9935
9936
9941
9953
9955
9959
9968
9975
9981
9982
9985
8471
9988
8015
8023
8029
8032
8040
8965
8042
8046
8057
9894
8059
8062
8070
8079
8595
9240
8101
8117
8127
8128
8151
8156
8163
8165
8172
8175
8176
8182
8198
8200
8204
8208
8209
8212
8218
8235
8246
8252
8253
8255
9092
8259
8269
8278
8286
8287
8293
8295
8301
8307
8316
9783
9570
8325
8526
8351
9321
8354
8357
8449
8373
8374
8380
8382
8383
8395
8404
8426
8431
8437
8448
9279
8450
8462
8467
8007
9248
8480
8481
9243
8487
8491
8492
8495
8500
8503
8514
8515
9123
8524
8545
8552
9161
8557
8574
8568
8571
8583
8584
8588
9527
8533
8598
8629
8631
8899
8632
8635
8636
8972
8649
8652
8658
9648
8672
8682
9882
8689
8702
9269
8713
8715
8717
8724
8236
8864
8747
8748
8752
8757
8761
8765
8778
8782
8783
8789
8775
8803
8814
8836
8842
8843
8856
8860
8863
9840
8892
9110
8900
8906
8918
8919
8920
8924
8925
8946
8957
8959
8960
8961
8963
8968
8973
8980
8981
8989
8993
8995
8996
9001
9003
9004
9012
9023
9044
9047
9068
9082
9091
9093
9116
9289
9120
8603
9127
9146
9150
8216
9160
9165
9166
9167
9169
9175
9189
9197
8229
9202
9236
9237
9246
9247
9250
9844
9303
9255
9263
9264
9267
9270
9271
9274
9275
8458
9280
9282
8512
9293
9310
9312
9314
9316
9318
8356
9327
9328
9333
9342
9351
9352
9353
9356
9359
9364
9365
9371
9376
9383
9384
9389
9862
9395
9674
9398
9417
8133
9431
9432
9446
9451
9460
9505
9465
9486
9490
9499
9502
9516
9520
9522
9524
9534
9536
9543
9547
9552
9553
9554
9555
9557
9571
9577
9593
9594
9596
9631
9617
9624
9625
9629
9632
9635
9643
9647
9659
9662
9670
9671
9673
8028
9408
9677
8018
9686
9688
9690
9691
9693
9695
9706
9710
9717
9725
9732
9740
9741
9745
9748
9021
9766
9781
9790
9798
9815
9831
9835
9845
9849
9854
8016
9864
9865
9874
9877
9889
8464
9895
9903
9907
8361
8055
9922
9838
9929
9934
8379
9943
9948
9949
9967
9989
8825
9996
9998
8002
8008
8009
8024
9676
8041
8065
8967
8077
8096
8098
8111
8114
8536
9942
9288
8164
8167
8195
8231
8240
8247
8266
8277
8302
8310
8329
8338
8363
8366
8384
8389
8390
8413
8414
8424
8428
8433
8439
8440
8478
8483
9052
8494
8501
9493
8532
8131
8540
8547
9435
8582
8586
8596
8610
8620
8622
9762
8640
8662
8667
8677
8679
8685
8687
8718
8721
8728
8737
8740
8744
8763
8785
8790
8845
8798
8819
8828
8830
8834
8837
8847
8857
9579
8879
8883
8695
8928
8934
8937
8945
8710
8955
8977
8982
9005
9013
9028
9056
9062
9071
9077
9084
9085
9090
9101
9628
9105
9107
8241
8565
9172
9177
9183
9198
9199
9200
9208
9209
9230
9495
9233
9272
8858
9301
9302
9308
9336
9340
9354
9360
9620
9366
9391
9392
9410
9441
9445
9466
9473
9487
9488
9494
9509
9515
9519
9535
9540
9556
9563
9585
9600
9610
9614
9370
9636
9657
9682
9692
9694
9716
9723
9729
9734
9739
9754
8660
9449
9789
9800
9803
9806
9816
9825
9833
8196
9837
9842
9856
9863
9884
9904
9910
9916
9918
9921
9925
9944
9956
9958
9960
8021
8022
8027
8030
8035
8075
8080
8109
9050
8116
8147
8401
8180
8184
8206
9893
8234
8244
8248
8276
9361
8299
8341
8347
8397
9728
8408
8444
8453
8915
8535
8562
8567
8569
8607
8334
8630
9257
8637
8558
8673
8788
8815
8816
8866
8867
8881
8092
8890
8895
8907
8930
8044
8087
8986
8719
9022
9069
9139
9140
9143
9796
9176
9218
9235
9260
9291
9323
9331
9343
9344
8893
9375
9404
8854
9477
9507
9508
9517
9560
9326
9612
9623
9627
9878
9730
9758
9799
9808
9817
9834
9839
9254
9095
9869
9961
9963
9645
9976
9687
8039
9075
8104
8118
8173
9841
9170
8249
8285
8312
8315
8323
8326
8343
8385
8396
8407
8416
8432
8304
8476
8537
8561
8650
8651
8725
8772
8844
8681
8923
8938
8971
9032
9033
9158
9537
9561
9582
9500
9715
9779
9807
9822
9828
9829
9830
9851
9898
9931
8154
8201
8335
8411
8756
8578
8614
8666
9037
8727
8769
8840
9081
9034
9284
9402
9584
9684
9727
9995
9429
8804
