6004
6784
6021
6035
6048
6072
6081
6082
6111
6113
6119
6130
6187
6229
6242
6247
6255
6276
6350
6351
6420
7756
6423
6481
6487
6492
6506
6518
6522
6532
6543
6551
6560
6597
6661
6678
6701
6738
6779
6796
6883
6906
6932
6961
7009
7024
7030
7032
7040
7054
7064
7303
7072
7108
7114
7122
7202
7228
7367
7237
7294
7295
7339
7340
7433
7441
7516
7534
7550
7618
7619
7624
7633
7643
7694
7702
7716
7718
7696
7722
7766
7773
7790
7791
7794
7798
7799
7808
7873
7874
7886
7900
7901
7925
7931
7947
6002
6008
6011
6014
6023
6025
6029
6030
7757
6040
6052
6054
6064
6065
6068
6083
6085
6086
6091
6094
7098
6097
6106
6108
6120
6125
6129
6844
6133
6155
6161
6201
6202
6204
6216
6220
6231
6234
6238
6257
6267
6283
6290
6301
7384
6312
6339
6343
6347
6348
6355
6360
6377
6633
6392
6408
6426
6075
6430
6447
6452
6453
6467
6488
6468
7992
6490
6510
6517
6523
6534
6535
6536
6540
6541
6544
6550
6555
6556
6564
6572
6578
6594
6596
6602
6626
6629
6637
6646
6647
6654
6658
6662
6675
6677
6700
6719
6721
6722
6728
6731
6736
6740
6759
6769
6770
6782
6785
6799
6811
6817
6831
6835
6819
6837
6843
6144
6850
6859
7031
6874
6887
6890
6897
6899
6922
6927
6931
6934
6951
6952
6954
6960
6970
6975
6981
6986
7005
7014
7021
7029
7063
6275
7070
7088
7091
7115
7116
7117
7121
7124
7128
7133
7134
7135
7153
7163
7176
7180
7183
7203
7204
7206
7209
7213
7214
7219
7229
7233
7239
7240
7245
7248
7270
7288
7300
7330
7337
7338
7342
7351
7353
7356
7359
7360
7369
7374
7378
6585
7381
7393
7399
7404
7406
7413
7418
7427
7436
7437
6166
7439
7458
7463
7472
7490
7606
7497
7504
7208
7506
7509
6291
7525
7538
7540
7541
7552
7554
7555
7575
7580
7596
7632
7638
7646
7659
7664
6575
7666
7676
7682
7687
7695
7743
7697
7715
7724
7728
7731
7732
7738
7740
7749
7752
7755
6442
7768
7772
7787
7788
7802
7803
7805
6258
7809
7745
7815
7822
7825
7828
7835
7843
7847
7850
7852
7863
7864
7867
7875
7903
7907
7913
7914
7929
7937
7953
7954
7959
7962
7976
7978
7980
7981
7982
7988
7991
7996
6006
6009
6015
6299
6020
6036
6038
6039
6042
6044
6047
7559
6053
6057
6059
7668
6062
6067
6073
6433
6078
6084
6096
6098
6099
6107
6110
6115
6116
6123
6126
6132
6134
6136
6141
6149
6150
6152
6153
6162
6169
6170
6176
6177
6181
6196
6198
6203
6207
6212
6215
7634
6218
6222
6232
6233
6237
6240
6243
6244
6249
6253
7812
6262
6269
7086
6279
6280
6282
6287
6288
6294
6295
6296
6304
6306
6538
6311
6324
6326
6327
6330
6331
6336
6338
6341
6352
6353
6361
6367
6368
6369
6370
6371
6379
6385
6143
6387
6391
6396
6401
6463
6409
6415
6419
6422
6425
6432
6440
6443
7325
6445
6455
6457
6458
6459
6460
6472
6476
6489
6495
6498
6501
6514
6527
6530
6531
6547
6554
6561
6565
7398
6566
6583
6587
6590
6591
6598
6599
7377
6600
6612
6617
6618
6619
6622
6404
6639
6643
6644
6645
6649
6650
6653
6655
6660
6663
6665
6680
6681
6182
6683
6691
6704
6707
6710
6712
6715
6717
6718
6724
6725
6805
6727
6730
6732
6735
6743
6748
6749
6750
6751
6752
6753
6754
6755
6756
6765
6768
6771
6772
7299
6776
6780
6783
6786
6788
6793
6798
6807
6814
6823
6825
6833
6841
6842
6849
6852
6855
6861
6869
6871
6872
6877
7930
6879
6881
6889
6893
6900
6902
6908
6911
6916
6920
6924
6928
6947
6953
6957
6969
6971
6974
6983
6987
6988
6989
6990
6996
6998
7001
7002
7003
7010
7016
7019
7129
7020
7027
6876
7033
7034
7035
7036
7045
7046
7053
7364
7067
7071
7073
7076
7079
7081
7084
7087
7093
7100
7104
7107
7125
7023
7136
7139
6912
7147
7151
6411
7168
7156
7170
6659
7173
7175
7178
6358
7181
7185
7188
7198
7200
7201
7205
7212
7220
7222
7224
7230
7234
7235
7241
7184
7244
7247
7252
7257
7258
7264
7265
7269
7271
7272
7273
7274
7277
7279
7281
7282
7283
7284
7290
7293
7296
7301
7099
7308
7321
7328
7331
7341
7361
7989
7362
7370
7376
7382
7394
7401
7408
7412
7421
7423
7425
7428
7445
7447
7449
7451
7456
7457
7461
7465
7469
7470
7471
7474
7475
7480
7492
7500
7503
7511
7514
7515
7523
7524
7246
7529
7215
7536
7545
7558
7563
7565
7566
7567
7568
7570
6696
7577
7591
7592
7594
7595
6745
7598
7608
7611
7614
7615
7622
7631
6221
7636
7644
7655
7656
7657
6930
7660
7670
7672
7699
7703
7705
7708
7717
7723
7742
7984
7821
7754
6956
7758
7764
7778
7780
7792
7796
7804
7816
7827
7830
7831
7968
7832
7838
7841
7842
7868
7872
7882
7887
7892
7896
7786
7904
7910
7915
7916
7920
7945
7948
7950
7957
7960
7967
7972
7974
7975
7983
7987
7368
7990
7995
6005
6012
6013
6017
7157
6325
6022
6043
6045
6046
6049
6050
6071
6074
6076
6090
6638
6378
6092
6103
6499
6109
6122
6131
6135
6138
6389
6154
6163
6164
6165
7450
6962
6167
6178
6179
6300
6180
6183
6184
6185
6193
7878
6194
6199
6205
6210
6211
6217
6171
6219
6226
6230
6235
6236
6241
6245
6070
6263
6272
6273
6278
6265
6284
6297
6314
6316
6028
6328
6332
6333
6334
6346
6357
6359
6363
6365
6373
6375
6102
6381
6383
6388
6901
6390
6398
6399
6403
6405
6406
6413
6416
6421
6431
6435
6438
6439
6441
6446
6448
6451
6465
6469
6470
6475
6485
6494
6500
6503
6511
6515
6516
6524
6526
6529
6533
6298
6537
6546
6552
6559
6562
6945
6567
7667
6576
6586
6605
6607
7543
6613
6620
6623
6624
6632
6634
6635
6636
6641
6642
6652
6656
6667
6670
6679
6685
6689
6692
6251
6693
7588
6705
6706
6711
6737
6741
6878
6742
6746
6760
6762
6763
6773
6774
7317
6781
6792
6794
6795
6797
6801
6803
6810
6812
6813
6816
6839
6822
6826
6830
6834
6840
6846
6854
6862
6865
6870
6875
6884
6885
6888
6891
6894
6898
6393
6910
7150
6918
6919
6923
6926
6929
6933
6936
6938
6939
6948
6950
6958
6964
6966
6968
7510
6972
6979
6982
6984
6271
6992
7007
7008
7011
7012
7015
7017
7025
7037
7042
7047
7049
7052
7055
7058
7065
7066
7075
7082
7085
7090
7094
7095
7096
7102
7105
7286
7118
7276
7123
7131
7132
7138
7141
7146
7149
7152
7158
7161
7162
7164
7167
7171
7177
7189
7191
7193
7194
7196
7210
7211
7544
7216
7217
7225
7242
7256
7261
7927
7263
7291
7304
7309
7312
7313
7315
6791
7320
7417
7323
7326
7346
7310
7347
7349
7350
7354
7357
7363
7068
6824
7365
7380
7383
7387
7388
7389
7392
6569
7402
7409
7411
7415
7419
7422
7424
7430
7443
7459
7460
7467
7476
6733
7478
7483
7489
7494
7513
7528
7533
7537
7547
7551
7561
7562
7572
7574
7576
7579
7582
7583
7584
7585
7586
7601
7602
7609
7612
7616
7617
7621
7628
7630
7640
7642
7647
7648
7650
7654
7661
7663
7665
7673
7677
7678
7679
7681
7057
7683
7698
7700
7704
7706
7709
7714
7725
7726
7727
7729
7730
7734
7741
7761
7767
7769
7770
7774
7776
7781
7782
7784
7909
7789
7795
7797
7800
7817
7820
7826
7840
7846
7851
7859
7860
7862
7869
7870
7876
6940
7144
7877
7883
7889
7894
7919
7923
7924
7928
7932
7934
7936
7249
7453
7941
7961
7964
7965
6000
7918
7998
6003
6007
6016
6018
6031
6034
6041
6147
6056
6061
6066
6069
7292
6266
6104
7306
6117
6137
6127
6140
6145
6146
6148
6156
6157
6158
6159
6160
6174
6175
6186
6188
6195
6200
6208
6720
6209
6228
6246
6248
6250
6695
6254
6256
6671
6277
6289
6293
6542
6688
6303
6305
6309
6317
6320
6322
6434
6335
6344
6345
6354
6364
6366
6376
6382
6384
6386
6394
6397
6400
6407
7956
7448
6410
6427
6429
6437
6444
6449
6456
7223
6471
6478
6484
6486
6482
6496
6190
6497
6504
6507
6508
6001
6512
6520
6521
6525
6548
6557
6568
6570
6574
6577
6581
6584
6593
6601
6603
6604
6608
6611
6627
6631
7145
6640
6664
6666
6281
6673
6682
6694
6697
6698
6699
6702
6709
6418
6714
6223
6723
7481
6734
6739
7498
6758
7414
6766
6787
6802
6804
6729
6806
6815
6820
6821
7379
6828
6829
6832
6836
6838
6847
6851
6856
6857
6860
6866
7190
6868
6886
6892
6907
6921
6935
6937
6197
6941
6942
6571
6946
6955
6959
6225
6963
6978
6980
6985
6993
6994
6999
7026
7028
7039
6227
7044
7050
7051
7693
7060
7061
7062
7080
7083
7092
7101
6428
7106
7112
7113
7140
7142
7143
7881
6648
7155
7179
7186
7197
7993
7207
7218
7227
6684
6616
7236
7955
7250
7254
7259
7260
7267
7268
7275
7285
7289
7298
7305
6118
7307
7311
7314
7316
7318
7319
7327
7329
7333
7334
7343
7345
7352
7358
7280
7375
6610
7396
7397
7400
7405
7410
7416
7324
7434
7435
7438
7440
7446
7452
7454
7468
7477
7479
7482
7484
7485
7487
7491
7748
7493
7502
7505
7507
7512
7517
7518
7519
7522
7530
7535
6615
7549
7557
6055
7560
7564
7569
7581
7587
7589
7593
7597
7599
7600
7603
7605
7610
7620
7625
7627
7629
7635
7637
7639
7645
7651
7652
7653
7671
7674
7686
7691
7701
7707
7713
7720
7735
7736
7744
7746
7747
7762
7765
7775
7785
7811
7814
7818
7823
7829
7833
7837
7839
7844
7848
7849
7854
7857
7861
7866
7856
7871
7884
7885
7893
7895
7898
7899
6708
7906
7917
7922
7926
7266
7933
7939
7940
7942
7943
6625
7946
7966
7836
7753
7969
7973
7977
7979
7986
7994
6474
7997
6079
6080
6087
6089
6105
6114
6121
6124
6139
6151
6173
6189
6191
6192
6206
6214
7048
6252
6260
6261
6264
7335
6292
6285
7526
6027
6302
6307
6310
6313
6315
6318
6917
6340
6356
7182
6372
6395
7169
7111
6337
6436
6461
6464
6466
6483
6491
7963
6505
6528
6539
6545
6549
6553
6558
6477
6563
6579
7390
6609
6614
7385
6621
6669
6674
6676
7238
6687
7911
6713
6726
6761
6778
6789
6790
6800
6809
6827
6845
6848
6853
6863
6864
7466
6909
6914
6915
6925
7759
6967
6973
6977
6991
6995
7000
7018
7038
7041
7056
7059
7074
7077
7078
7089
7097
6100
7110
7127
7130
7137
7148
7154
6026
7159
7160
7166
7172
7532
6873
7195
7199
7232
7221
6473
7226
7231
7126
7278
7287
7297
7322
6450
6270
7336
7355
7371
6323
7429
7431
7432
7444
6417
7958
7464
7486
7488
7495
7521
7531
7539
7542
7546
7548
7553
7556
7573
7604
7607
7613
7626
7658
7669
7680
7685
7999
7689
7711
7719
7721
7733
7737
7739
6703
7496
7771
7779
7783
7793
7801
7806
7807
7810
7813
7834
7845
7855
7858
7865
6019
7888
7897
7902
7905
7912
7921
7935
7951
7952
7985
6509
7690
6093
6128
6168
6172
6213
6239
6259
7004
6274
6286
6308
6321
6349
6374
6380
6402
6424
6454
6462
6573
6502
6319
6582
6588
6592
6595
6606
7243
7949
6630
6101
6651
6657
6668
6686
6690
7760
6757
6764
6818
6867
6882
6895
6904
6905
6943
6944
6997
7006
7013
7043
7109
7120
7165
7187
7192
7777
7262
6777
7302
7348
7344
7373
7386
7395
7403
6775
7420
7426
7442
7462
6913
7473
6976
7520
7571
7590
7623
7641
7688
7692
7710
7712
7751
6051
6095
7880
7908
6513
6880
7944
6412
6519
7970
7508
6010
7890
6032
6037
6060
6088
6112
6224
6268
6362
6716
6077
6479
6480
6493
6580
6589
7174
6672
6767
6808
6858
6896
6903
6063
6949
6965
7022
7251
7253
7119
7332
7366
6628
7407
7455
7499
7527
7578
7662
7675
7763
7819
7824
7853
7879
7891
6024
6033
6058
6329
6414
6747
6744
6342
7103
7255
7372
7391
7501
7649
7684
7750
7938
7971
