4020
4248
5844
4059
4060
4082
4093
4104
4157
4167
4170
4192
4202
4224
4228
4229
4234
4250
4262
4278
4283
4285
4301
4325
4358
4360
4386
4394
4414
4442
4444
4449
4454
4470
4273
5686
4473
4585
4598
4604
4620
4639
4702
4703
4708
4711
4719
4734
4737
4744
4778
4788
4796
4800
4814
4830
4837
4839
4874
4883
4890
4900
4901
4928
4942
4951
4976
4105
4986
5571
5032
5058
5072
5086
5091
5101
5135
5147
5163
5195
5202
5214
5220
5241
5255
5261
5263
5299
5319
5334
5338
5375
5377
5378
5382
5388
5453
5483
5499
5512
5538
5551
5581
4053
5602
5615
5647
5653
5703
5714
5725
5739
5756
5782
5787
5814
5824
5826
5934
5949
5973
5987
5988
5994
4010
4012
4025
4026
4027
4034
4035
4037
4041
4046
5167
4052
4064
4067
4068
4069
4073
4075
4079
4094
4097
4103
4128
4132
4133
4138
4144
4147
4183
4185
4190
4194
4197
4199
4217
4222
4225
4238
4249
4255
4272
4274
4280
4295
4307
4308
4312
4315
4319
4351
4355
4356
4359
4363
4366
4384
4399
4419
4433
4439
4126
5678
4443
4462
4463
4464
4465
4475
4479
5510
4480
4483
5575
4491
4498
4165
4501
5628
4526
4564
4565
4567
4568
4569
4570
4571
4579
4586
4589
4592
4597
4624
4625
4626
4638
4647
4655
4658
4665
4671
5630
4679
4694
4699
4705
4716
4720
4731
4743
4747
4767
4795
4805
4819
4827
4829
4832
4838
4847
4857
4861
4596
4862
4880
4884
4888
4894
4896
4904
4906
4907
4910
4913
4916
4918
4934
4938
4941
5914
4946
4956
4961
4967
4970
4977
4980
4990
4993
5020
5023
5036
5053
5054
5057
5063
5074
5081
5080
5084
5088
5093
5117
5122
5126
5136
5143
5150
5154
5155
5159
5161
5162
5165
5168
5174
5175
5178
5698
5180
5187
5190
5193
5209
5226
5229
5230
5238
5240
5248
5258
5260
5262
5273
5275
5280
5286
5291
5295
5297
5300
5303
5308
5317
5318
5322
5325
5329
5333
5335
5341
5344
5348
5349
4331
5350
5352
5370
5389
5397
5401
5409
5412
5415
5801
5416
5423
5429
5434
5438
5444
5447
5456
5457
5458
5463
5472
5475
5476
5480
5490
5502
5504
5540
5542
5543
5556
4497
5290
5576
5578
5591
5593
5595
5607
5614
5627
5632
4096
5639
5655
5660
5663
5664
5666
5671
5682
5692
5694
5697
5701
4816
5705
5715
5727
5731
5733
5735
5825
5740
5747
5761
5764
5771
5774
5784
5788
4314
5800
5960
5820
5849
5181
5851
5870
5873
5876
5880
5886
5891
5894
5898
5899
5900
5901
5910
5918
5931
5948
5956
5957
5968
5970
5975
5980
5984
5989
4000
4003
4008
4009
5850
4013
4028
4029
4033
4039
4042
4044
5609
4070
4085
4089
4098
4111
4114
4118
4120
4122
4123
4143
4151
4155
4156
4159
5211
4164
5439
4180
5839
4184
4187
4191
4291
4206
4213
4215
4223
4226
4231
4251
4253
4258
4263
4282
4209
4293
4303
4304
4309
5553
4316
4320
4321
4372
4322
4326
4329
4330
5351
4337
4340
5601
4357
4371
4373
4374
4376
4377
4380
4381
4383
4387
4391
4392
4396
4401
4403
4409
5688
4411
4421
4424
4425
4430
4453
4459
4460
4467
4474
4485
4487
4488
4490
4495
4504
4505
4510
4511
4516
4518
4528
4530
4543
4546
4548
4549
4553
4628
4561
4575
4578
4582
4584
4594
4595
4599
4602
4605
4172
4606
4619
4573
4632
4633
4644
4654
4660
4663
5971
4664
4669
4670
4677
4681
4686
4687
4693
4455
4696
4710
4721
4725
4727
4728
4730
4739
4740
4742
4746
4752
4753
4757
4760
4762
4770
4772
4773
4775
4777
4782
4790
4794
4801
4809
4810
4811
4812
4818
4825
4833
4835
4848
4853
4863
4865
4867
4873
4875
4998
4877
4882
4898
4899
4903
4909
4911
4920
4921
4926
4931
4944
4945
4949
4952
4957
4958
4960
4965
4969
4978
4979
4982
4984
4991
4992
5004
5011
5012
4416
5015
5022
5025
5034
5050
5060
5065
5068
5071
5079
5085
5098
5099
5103
5506
5106
5110
5112
5118
5137
5144
5149
5156
5170
5177
5184
5191
5197
5198
5205
5212
5216
5217
5218
5219
5222
5224
5235
5236
5244
5245
5246
5251
5252
4478
5253
5268
5276
5278
5285
5288
5289
5296
5298
5309
4749
5314
5326
5328
5339
5340
5343
5365
5366
5369
5372
5384
5387
5392
5393
5395
5404
5405
5408
5414
5424
5425
5427
5436
4860
5440
5450
5451
5461
5464
5471
5473
4635
5479
5488
5489
5492
5493
5496
5888
5497
5501
5503
5509
5515
5516
5518
5525
5534
5539
4748
5624
5541
5546
5549
4317
5554
5560
5562
5565
5568
5569
5579
5582
5586
5592
5598
5599
5603
5947
5604
5621
5622
4240
4544
4680
5631
5651
5654
5657
5672
5675
5677
5680
5684
5685
5687
5691
5183
5699
5702
5706
5710
5717
5722
5738
5741
5742
5748
5753
5758
5760
5767
5769
5770
5772
5778
5780
5783
5791
5794
5805
5811
5817
5823
5827
5830
5831
5833
4186
5841
5843
5845
5856
5860
5871
5872
5877
5887
5893
5895
5905
5906
5915
5917
5921
5926
5929
5936
5939
5943
5944
5955
5958
5976
5986
5991
5993
5995
5996
5997
4002
4007
4011
4014
5097
4015
4018
4030
4032
4038
4040
4047
5076
4049
4054
4055
4058
4062
4065
4066
4072
4074
4077
4080
4081
4083
4087
4091
4092
4095
4099
4100
4101
5003
4106
4107
4108
4109
4110
4113
4117
4124
4131
4135
4136
4142
4146
4150
4153
4154
4158
4161
4502
4168
4612
5305
4173
5992
4175
4178
4188
4189
4193
4195
4200
4204
4205
4207
4216
4218
4221
4227
4230
4232
4555
4233
4245
4246
4247
4256
4260
4261
4264
4266
4267
4268
4271
4275
4277
4279
4290
4292
4299
4300
4305
4306
4310
4313
5816
4323
4328
4334
4336
4338
4339
4342
4344
5116
4348
4350
4354
4361
4364
4382
4393
4400
4404
4406
4410
5848
4412
4426
4429
4434
4447
4457
4461
4481
4484
4492
4496
5718
5809
4499
4509
4515
4527
4532
4539
4540
4542
4550
4235
4559
4560
4572
4576
4577
4587
4588
4590
4593
4600
5792
4601
4608
4609
4613
5879
4614
4616
4617
4618
4627
4630
4634
4646
4650
4657
4661
4662
4673
4674
4678
4682
4690
4692
4698
4700
4707
4709
4717
4722
4724
4792
4732
4738
4754
4756
4759
4761
4764
4765
4768
4771
4774
4781
4783
4791
4799
4802
4806
4808
4815
4817
4821
4822
4823
4826
4831
4834
4836
4641
5487
4840
4846
4850
4855
4858
4859
5445
4868
4869
4872
4881
4885
4886
5108
4893
4902
4919
5354
4927
4930
4932
4953
4959
4962
4972
4973
4981
4983
4985
4988
4989
4997
4879
4999
5000
5002
5010
5013
5016
5017
5019
5026
5029
5863
5030
4784
5041
5049
5051
5055
5056
5064
5075
5082
5083
5104
4897
5113
5114
5115
5119
5120
5123
5128
5129
5131
5132
5133
5134
5139
5141
5146
5151
5158
5160
5164
5166
5172
5176
5868
5182
5188
5192
5194
5200
5203
5206
5215
4417
5221
5232
5234
5239
5242
5243
5249
5250
5265
5270
5287
5292
5293
5641
5302
4174
5311
5316
5320
5331
4955
5336
5345
5346
5347
4929
5357
5358
5359
5361
5367
5368
5371
5374
5376
5379
5380
5386
5391
5398
5402
5406
5407
5418
5428
5430
5431
5437
4182
4649
5442
5455
5459
5460
5466
5467
5469
5474
5478
5482
4843
5495
4482
5513
5519
5520
5522
4519
5523
5530
5533
5537
5535
5558
5559
4048
5563
4908
5583
5589
5605
5606
5610
5616
5620
5623
5626
5633
5636
4887
5642
5304
5652
5661
5669
5673
4551
5690
5693
5711
5712
5723
5728
5730
5732
5734
5736
5754
5755
5757
5763
5765
5766
5777
5786
5793
5795
5797
5802
5807
5810
5812
5815
4119
5821
5832
4259
5846
5854
5857
5033
5864
5867
5883
5884
5500
5889
5890
5892
5902
5907
5908
5909
5911
5919
5923
5927
4642
5928
5935
5938
5940
5942
5946
5952
5829
5962
5963
5964
5967
5974
5978
5990
4001
4006
4021
4050
4057
4076
4084
5648
4112
4115
5822
4940
4125
4129
4130
4134
4137
4139
4140
4141
4145
4148
4152
5089
4169
4196
4208
4210
5052
4212
4239
5629
4243
4244
4022
4254
4214
4257
4270
4288
4428
4289
4298
4311
4332
4333
4341
4346
4347
4353
4362
4370
4324
4375
4390
4395
4398
4402
4405
4407
4408
5021
4418
4427
4297
4435
4437
4451
4706
4466
4468
4469
4471
5067
4476
4503
4513
4517
4520
4522
4523
4529
4607
4535
4541
4554
4556
4563
4581
4583
4870
4603
4623
4631
5484
5930
4643
4668
4676
4683
4684
4685
4695
4704
4712
4713
4723
4729
4733
4735
5544
4750
4758
4766
5750
4779
4786
4787
4797
4798
4813
4824
4842
4242
4844
4854
4856
4876
4878
5643
4889
5584
4922
4924
4925
4936
4939
4943
4947
4948
5337
4963
4971
4975
4987
4994
4996
5001
5005
5006
5007
5014
5024
5031
5038
5043
5059
4477
5073
4051
5077
4179
5094
5095
5096
5102
4349
5121
5124
5127
5152
5153
5157
5179
5186
5196
5207
5208
5223
5227
5228
5231
5233
5237
5247
5254
5256
5259
5267
4793
5272
5282
5283
5284
5577
5294
4378
5306
5310
5312
5321
5324
5327
5330
5332
5373
5396
5399
5400
5410
5413
5417
5426
5443
5446
5454
5462
5468
5470
5481
5486
5507
5508
5511
5521
5526
5527
5529
5532
5547
5548
5566
5567
5570
5039
5572
5573
5588
5594
5596
5612
5617
5634
5638
5640
5107
5650
5670
5674
5689
5696
5700
5704
4506
5719
5555
5720
5724
5737
5743
5744
5752
5759
5789
4537
5798
5420
5804
5806
5808
4508
5828
5835
5836
5838
5840
5847
4423
4017
5855
5862
5865
5874
4446
5878
5799
5885
5903
5904
5913
4954
5920
5932
5937
5945
5611
5951
5953
5954
5961
5965
5969
4667
5981
5916
5983
5999
4005
4019
4023
4024
4031
4036
4043
5580
4061
4063
4078
4086
4102
5659
4450
4160
4162
4163
4166
4171
4181
4201
4211
4219
4241
4252
4871
4284
5896
4296
4368
4379
4389
4413
4422
4431
4436
4440
4445
4456
4472
5266
4489
4494
4507
4514
5524
4525
4531
4533
4536
4538
4545
4552
4557
4558
4574
4580
4591
4621
4629
4651
4652
4653
4656
4659
4689
4697
4701
4714
4741
4745
4751
4769
4780
4785
4789
4736
4807
5713
4828
4851
4864
4866
4286
5644
4892
4912
4914
4935
4726
4127
4966
5008
5028
5042
5045
5062
5066
5070
5092
4016
5100
5658
5111
5125
5142
4056
5171
5173
5201
5213
5264
5271
5279
5281
5301
5313
4294
5342
5355
5356
5360
5364
5383
5390
5394
5403
5419
5421
5432
5433
5435
5441
5465
5477
5485
5494
5505
5109
5528
5924
5536
5550
5597
5600
4365
5608
5613
5619
4335
5625
5645
5649
5656
4149
5665
5667
5681
4420
5695
5707
5708
5729
5749
5046
5773
5776
5779
5785
5796
4352
5834
5837
5842
5859
5866
5875
5925
5941
5959
5977
5979
5982
4236
4004
4071
4088
4090
4891
4203
4220
4237
4534
4281
4287
5353
4302
4318
4327
4343
4369
5307
4388
4397
5225
4432
4438
4441
5882
4486
4493
4500
4512
4562
4610
4611
4622
4636
4637
4841
4645
4648
4666
4675
4718
4964
5323
4755
4776
4804
4820
5552
4849
5853
4915
4923
4950
5009
5018
5027
5035
5040
5044
4045
5061
5078
5087
5130
5138
5140
5148
5169
5204
5257
5269
5274
5362
5363
5381
5449
5452
5491
5498
5514
5531
5721
5561
5564
5574
5585
5587
5590
5545
5637
5662
5668
5676
4452
5679
5709
5751
5762
5775
5803
5818
5819
5745
5852
5869
5897
5912
5998
5922
5557
5950
5966
4176
4116
4121
4905
4345
4367
4415
4448
4458
4521
4524
4547
4640
4691
4715
5277
4803
4917
4933
4937
4968
4974
5047
5048
5069
5090
5105
5145
5199
5210
5315
5385
5790
5411
5517
4852
5646
5635
5683
5716
5746
5768
5422
5813
4615
5933
5972
4198
4845
4265
4385
5448
4763
4895
4995
5037
5185
5189
4177
5858
5861
5881
4269
4276
4566
4672
4688
5781
5618
