44000
44973
44002
44006
44023
44026
44037
44045
44071
44072
44090
44097
44159
44385
44201
44255
44266
44295
44311
44317
44325
44408
44422
44442
44444
44498
44504
44518
44538
44540
44562
44604
44625
44631
45060
44639
44659
44739
44741
44762
44807
44820
44843
44856
44878
45514
44891
44920
44931
44936
44962
45010
45018
44064
45074
45092
45093
45123
45132
45134
45154
45176
45179
45181
45186
45206
45215
45245
45295
44982
44020
45308
45335
45346
45409
45413
45422
45465
45818
45470
45580
45627
45652
45691
45737
45741
45742
45752
45792
45829
45835
45840
45892
45904
45926
45927
45959
45969
45975
45984
44004
44005
44019
44028
44038
44039
44225
44043
44047
44067
45016
44070
44080
44219
44081
44093
44095
44101
44112
44114
44120
44122
44128
44139
44141
44142
44144
44147
44150
44155
44166
44167
44169
45783
44184
44193
44200
44206
44207
44092
44226
44227
44232
44249
44254
44261
44725
44263
44278
44280
44301
44321
44323
44326
44338
44343
44344
44353
44360
44361
44366
44372
44387
44390
44392
44394
44397
44412
44818
44425
44436
44448
44459
44473
44478
44479
44486
44487
44492
44500
44501
44508
44520
44525
44532
44547
44551
44555
44556
44558
44572
44587
44617
44621
44624
44628
44630
44635
44636
44637
45497
44642
44649
44658
44663
44664
44666
44668
44505
44669
44676
44681
44683
44687
44702
44703
45390
44710
44719
44727
44734
44735
44737
44749
44754
45870
44774
44782
44783
44797
44800
44803
44808
44814
44815
44824
44832
44833
45704
44835
44845
44858
44861
44869
44871
44885
44896
44898
44899
44913
44926
44927
44934
44956
44966
44971
44972
44974
44975
44976
44977
44983
44985
44997
45006
45009
45012
45037
45038
45039
45042
45044
45047
45053
44643
45063
45086
45088
45099
45115
45118
45119
45145
45146
45147
44127
45148
44954
45169
45205
45207
45209
45210
45223
45225
45228
45229
45238
45244
45325
45642
45257
45273
45278
45280
45281
45303
44742
45309
45332
45339
45340
45343
45373
45374
45383
45388
45398
45402
44437
45405
45418
45423
45424
45430
45444
45447
45449
45450
44480
45451
45487
45489
45490
45511
45512
45519
45521
45529
45530
45533
45537
45546
45550
45552
45556
45558
45560
45563
45577
45583
45585
45591
45592
45603
45605
45609
45612
45613
45615
45616
45620
45623
45643
45644
45647
45396
45649
45678
45684
45700
45721
45723
45724
45728
45735
45750
45751
45754
45761
45766
45770
45774
45795
45797
45798
45802
45805
45807
45816
45820
45827
45830
45837
45847
45855
44620
45866
45886
45889
45890
45895
45903
45921
45928
45947
45960
45964
45965
45967
45510
45972
44007
44008
44011
44012
44016
44018
44021
44032
45581
44033
44052
44054
44056
44059
44076
44096
44098
45664
45492
44105
44109
44110
44113
44125
45149
44130
44131
44137
44337
44140
44151
44154
44160
44161
44163
44164
44165
44170
44174
44177
44181
44188
44195
44203
44205
44211
44213
44215
45850
44217
44220
44222
44229
44231
44238
44239
44240
44241
44244
44245
44247
44248
44251
44257
44259
44262
44267
44276
44283
44672
44284
44289
44290
44291
44292
44296
44297
44299
44300
44302
44306
44307
44565
44042
44310
44315
44329
44331
44332
44334
44336
45590
45464
44342
44350
44355
44358
44359
44367
44373
44376
44377
44380
44383
44198
44384
44395
44403
44405
44409
44410
44411
44416
44421
44426
44427
44430
44434
44447
44453
44457
44458
44460
44464
44466
44467
44468
44470
44472
45161
44475
44494
44499
44671
44510
44511
44515
44516
44533
44536
44539
44542
44546
44554
44566
44569
44576
44578
44581
44583
44584
44585
44589
44594
44597
44598
44603
44607
44612
44615
44618
44627
44632
44646
44648
44048
44651
44665
44673
44679
44688
44689
44690
44696
44697
45426
44715
44717
44724
44265
44731
44736
44746
44753
44755
44757
44765
45501
44767
44773
44780
44781
44785
44786
44794
44796
44799
44801
44812
44882
44827
44842
44848
44850
45352
44732
44851
44854
44857
44859
44860
44863
44874
44877
44881
44831
44883
44884
44888
44907
44909
44912
44915
44918
44921
44922
44939
44941
44950
44958
44964
44965
44967
44979
44293
44981
44984
44990
44993
44994
44995
44996
44998
45021
45024
45025
45027
45031
45032
45041
45049
45057
45058
45395
45062
44793
45078
45082
45087
45089
45090
45094
45100
45103
45104
45107
45108
45110
45116
45127
45131
45135
45136
45443
45137
45151
45155
45157
45158
45159
45163
45165
45174
45833
45175
45183
45192
45193
45194
45195
45196
45197
45199
45200
45201
45204
45221
45222
45227
45231
45247
45248
44711
45254
45258
45261
45263
45264
45269
45270
45275
45286
45290
45292
45294
45300
45305
45306
45318
45319
45322
45326
45327
45330
45348
45350
45355
45356
45358
45361
45366
45370
45371
45378
45381
44712
45394
45070
45399
45584
45411
45416
45419
45429
45437
45438
45439
45440
45441
45849
44543
45442
45462
45606
45468
45474
45476
45484
45488
45491
44645
45499
45502
45503
45832
45596
45218
45505
45531
45539
45543
45544
45545
45547
45548
45549
45559
45571
45572
45574
45578
45579
45594
45595
45852
45601
45610
45611
45614
45618
45621
44544
45624
45632
45633
44493
45634
45651
45654
45659
45660
45663
45669
45671
45672
45677
45681
45683
45702
45705
45707
45709
45710
45711
45712
45713
45716
45726
45727
45736
45739
45740
45745
45763
45765
45776
45779
45790
45796
45800
45803
45806
45809
45810
45534
45819
45153
45823
45825
45838
45841
45844
45851
45854
45859
45607
45862
45873
45876
45878
45879
45883
45893
45897
45901
45902
45905
45908
45911
45913
45918
45923
45933
45935
45937
45945
45949
45957
45962
45976
45979
45981
45987
45991
45994
45995
45998
44003
45323
44025
44027
44029
44030
44035
44041
44053
44055
44058
44065
44068
44073
44077
44082
44083
44085
44088
44091
45565
45910
44099
44115
44117
44368
44124
44132
44135
44148
44152
44158
44730
44168
44173
44175
44182
44183
44185
44189
44191
44212
44214
44046
44230
44235
44242
44243
44250
44252
44258
44268
44270
44271
44281
44286
44294
44298
44303
44304
44305
44308
44316
44322
44328
44341
44356
44364
44126
44369
44371
44379
44389
44396
44398
44400
45034
44401
44407
44414
44417
44423
44740
44435
44446
44449
44451
44452
44988
44454
44471
44474
44476
44477
44496
45475
45259
44489
44488
44503
44507
44509
44514
44517
44531
44534
44545
44550
44553
44557
44560
44564
44312
44079
44567
44575
44586
44588
44129
44590
44592
44596
44602
44608
44610
44614
44285
44616
44633
44650
44652
44655
44662
44667
44670
44677
44680
44691
44692
44693
44694
44695
44700
44701
44704
44705
44709
45255
44171
44743
45846
44744
44751
44675
44756
44764
44766
44769
44771
44775
44777
44789
44791
44792
44571
45080
44809
44810
44465
44811
44836
44844
44865
44867
44868
44870
44186
44876
44890
44893
44894
44897
44900
45638
44901
44910
44911
44917
44924
44930
44935
44937
44938
44942
44945
44946
44947
44362
44949
44952
44953
45189
44968
44970
44980
44986
44823
44991
45001
45004
45005
44277
45008
44075
45033
45036
45043
45045
45046
45048
45051
45059
45071
45072
45079
45081
45095
45098
45102
45619
45111
45124
45126
45128
45130
45138
45139
45142
45824
44483
45162
45185
45188
45191
45202
45212
45213
45214
45219
45220
45235
45236
45239
45240
45242
45243
45249
45250
45026
45253
45274
45279
45282
45285
44216
45291
45296
45297
45301
45307
45311
45312
45316
45320
45328
45333
45341
45342
45347
45362
45364
45375
45377
45379
45382
45384
45385
45389
45393
45674
45397
45401
45403
45404
45406
45408
45414
45417
45941
45420
45433
45435
44813
45448
45457
45459
45460
45473
45478
45479
45483
45494
45500
45504
45506
45516
45518
45520
45523
45524
45532
45535
45538
45540
45541
45557
44526
45561
45564
45566
45567
45568
45570
45575
45576
45586
44345
45593
45598
45602
45617
45112
45622
45625
45636
45645
45646
45648
45653
45655
44107
45667
45673
45676
45685
45875
45688
45693
45900
45694
45717
45744
45747
45748
45749
45753
45756
45758
45762
45764
45767
44119
45768
45771
45772
45773
45775
44619
45777
45780
45781
45782
45784
45787
45789
45793
45794
44375
45485
45804
45814
45815
45817
45834
45836
45845
45848
45863
45868
44779
45953
45881
45885
45887
45680
45891
45706
45917
45919
45922
45924
45925
45938
45943
45946
45954
45956
45963
44178
45970
45986
45989
45990
45992
45997
44001
44014
44015
44031
44034
44313
44654
44049
44051
45988
44057
44062
44063
44066
44069
44074
44078
44084
44089
44103
44106
44133
44156
44157
44172
44176
45978
44187
44190
44204
44210
44221
44223
44237
44246
44256
44260
44264
44272
44274
44275
44279
44287
44327
44339
44340
44347
44351
44352
44354
44593
44357
44374
45811
44378
44381
44382
44386
44388
45656
44391
44404
44415
44418
44432
44439
44445
44456
44461
44462
44481
44482
44491
45650
44495
44497
44519
44522
44524
44537
44541
45626
44559
44563
44963
44574
44582
44595
44600
44601
44605
45869
44622
44634
44638
44640
44641
44644
44647
44656
44657
44660
44678
44682
44684
44685
44686
44698
44708
44713
44722
44726
44728
44729
44853
44438
44752
44758
44760
45293
44761
44787
44788
44790
44795
44804
44805
45455
44816
44817
44429
44822
44825
44828
44834
44839
44846
44847
44862
44864
44872
44875
44886
44060
44887
44895
44903
44914
44928
44933
44943
44955
44987
44989
45002
45003
45007
45011
45017
45019
45022
45023
45272
45029
45030
45055
45065
45066
45067
45069
45075
45083
45084
45106
45114
45125
45133
45140
45141
45144
45150
45152
45156
45164
45167
45178
45184
45190
45203
45211
45216
45217
45526
45234
45241
45246
45260
45265
45271
45277
45942
45289
45888
45314
45324
44490
45329
45334
45336
45338
45349
45354
45357
45359
45367
45368
45369
45387
45407
45421
44716
45427
45445
45522
45446
45456
45461
45466
45472
45480
45813
45486
45872
44108
45495
45496
45498
45507
45509
44902
45515
45517
45527
45528
45536
45551
45553
45555
45569
45573
45582
45415
45599
45600
45865
45628
45629
45630
45631
45635
45639
45641
44402
45661
45662
45666
45668
45670
45682
45686
45690
45695
45696
45698
45699
45703
44840
45714
45718
45999
45719
45722
45725
45729
45734
44992
45738
45757
45786
45788
45822
45826
45177
45839
45452
45471
45856
45860
44718
44335
45871
45899
45907
45909
45912
45914
45915
45916
45920
45930
45931
45932
45936
45940
45948
45392
45952
45961
45966
45977
45982
45983
45985
44957
45993
44013
44050
44061
44573
44086
44087
44111
44591
44136
44138
44145
44180
44194
44196
44197
44199
44202
44208
44784
44224
44228
44236
44253
44269
44273
45014
44288
45317
44309
44314
44319
44330
44333
44951
44419
44420
44431
45412
44441
44443
44450
44455
44469
44484
44759
44485
45562
44527
45458
44548
44552
44561
44579
44599
44606
44609
44611
44530
44623
45778
44674
44763
44706
44714
45493
44721
44748
44750
44506
44770
44776
44778
44819
44821
44826
44829
44841
44873
44889
44908
44916
44929
44932
44940
44944
45996
44959
44577
44969
45746
44999
45020
45028
45040
45052
45054
45061
45064
45068
45096
45097
45101
45117
45121
45129
45168
45170
45172
45173
45187
45198
45208
45226
45233
45237
45256
44282
45266
45287
45288
45304
45313
45345
45351
45363
45365
45380
45391
45769
45958
45428
45431
45436
45143
45454
45463
44349
45467
45477
45481
44772
45542
45554
45587
45588
45589
45525
45597
45604
44904
45267
45657
45658
45665
45679
45687
45689
45697
45701
45730
45731
45733
45743
45755
45759
45760
45785
45791
45801
45808
45812
45831
45842
45843
45853
45858
45861
45864
45315
45896
45898
44104
45929
45934
45939
45298
45950
45951
45955
45968
45971
45973
45974
45720
44009
44022
44024
44040
45076
44094
44100
44118
45400
44121
44123
44134
44143
44146
44153
44162
44179
44880
44209
45906
44233
45284
44318
44320
45874
44348
44365
44399
44413
44424
44428
44440
44463
44502
44512
44513
44521
44523
44528
44529
44661
44549
44568
44798
44580
44363
44613
44626
44629
44653
44699
45331
44745
44768
44830
44837
44838
44849
44866
44879
44905
44906
44919
44960
44978
45000
44406
45035
45050
45085
45091
45109
45113
45120
45160
45166
45171
45182
45224
45230
45252
45262
45268
45299
45302
45310
45321
45337
45344
45353
45360
45372
45386
45469
45482
45508
45513
45453
44036
45675
45894
45708
45715
45732
45799
45821
45980
44747
45692
45877
45880
45884
44234
45944
45882
44010
44017
44044
44116
44324
44149
44346
44393
44433
44570
44738
44806
44925
44961
45013
45015
45077
45105
45122
45251
45276
45283
44852
45376
44102
45608
45637
44192
44218
45857
45867
45432
44892
44535
44707
44720
44723
44733
44802
44855
44923
44948
45056
45073
45180
45232
45425
45434
45640
45828
