38023
38881
38074
38096
38120
38139
38145
38169
38189
38212
38231
38250
38256
38261
38287
38288
38312
38369
38417
38432
39551
38449
38474
38481
38489
38492
38499
38528
38571
38580
38591
38617
38650
38672
38677
38691
38693
38696
38720
38722
39980
38732
38783
38794
38845
38848
38854
38896
38900
38925
38926
38979
38990
38994
39014
39016
39036
39047
39061
39103
39113
39139
39146
39182
39198
39202
39206
39223
39236
39241
39281
39287
39295
39342
39365
39391
39408
39444
39485
39486
39508
39571
39576
39584
39647
39650
39670
39721
39748
39753
39779
39788
39844
39857
39859
39866
39913
39060
39932
39950
39952
39957
39995
38010
38014
38024
38026
38027
38030
38031
38037
38047
38049
38056
38068
38072
38083
38084
38085
38088
38091
39071
39188
38093
38126
38133
38137
38144
38146
38166
38176
38185
38188
38204
38215
38218
38219
38220
38221
38222
38229
38233
38241
38259
38266
38267
38273
38274
38304
38305
38311
39680
38480
38314
38319
38338
38339
38346
38350
38353
38355
38357
38358
38363
38377
38095
38383
39243
38388
38397
38403
38407
38409
38411
38424
38425
38434
38435
38441
38447
38452
38457
38461
38465
38471
38472
38473
38476
38477
38483
38490
38491
38496
39112
38501
38505
38510
38512
38526
38536
38538
38542
38555
38567
38569
38570
38589
38604
38611
38620
38624
38635
38636
38637
38641
38646
38652
38662
38668
38673
38692
38702
38711
38717
38718
38730
38733
38749
38758
38759
38760
38767
38788
38798
38799
39402
38802
38815
38816
38828
38836
38841
38856
38866
38869
38874
38888
38895
38914
38927
38936
38938
38942
38966
38969
38970
38971
38977
38981
38983
38985
38991
38996
38998
39005
39009
39024
39028
39040
39043
39049
39050
39056
39064
39462
39077
39084
39087
39093
39099
39101
39105
39110
38503
39121
39124
39125
39132
39135
39137
39142
39148
39152
39154
39538
39164
39180
39186
39204
39208
38574
39217
39225
39238
38396
39248
39252
39253
39255
39260
39262
39264
39266
39267
39269
39273
39277
39283
39290
39294
39297
39305
39314
39319
39334
39338
39933
39352
39384
39388
39395
39397
38811
39427
39608
39442
39455
38751
39463
39491
39495
39498
39499
39500
39502
39512
39518
39522
39531
39543
39544
39547
39548
39564
39565
39566
39573
39585
39591
39593
39597
39623
39642
39628
39636
39643
39657
39659
39673
39684
39705
39706
39714
39717
39724
39725
39732
39740
39741
39760
39766
39774
39777
39781
39808
39811
39817
39827
39850
39851
39854
39868
39869
39873
39876
39892
39897
39902
39914
39917
39919
39929
39949
39951
39968
39992
39993
39996
38007
38761
38017
38020
38034
38035
38038
38040
38045
38050
38051
38053
38054
38057
38060
38062
38066
38067
38069
38075
38080
38087
38089
38079
38104
38098
38107
39095
38108
38117
38123
38124
38127
38129
38130
38131
39456
38135
38142
38143
38147
38150
38152
38155
38157
38158
39937
38164
38175
38180
38182
38184
38190
38194
38196
38205
38207
38213
38224
38228
38239
38240
38242
38251
38254
38257
39215
38258
38268
38269
38282
39621
38284
38289
38290
38291
38297
39246
38298
38320
38128
38322
38563
38324
38332
38340
38341
38344
38362
38365
38372
38374
38375
38745
38381
39734
38387
38408
38420
38421
38422
38427
38428
38429
38431
39832
38438
38444
38445
38818
38279
38450
38746
38500
38520
38522
38530
39029
38531
38550
38551
38553
38556
38559
38572
38573
38576
38579
38583
38587
38592
38594
38597
38605
38609
38612
38614
38618
38627
38630
38631
38183
38640
38654
38657
38658
38666
38674
38675
38682
38684
38687
39399
38690
38701
38706
38708
38710
38716
38734
38705
38737
38740
38742
38748
38765
38768
38773
38777
38778
38784
38786
38797
38812
38817
38819
38826
38843
38834
39313
38837
38844
38852
38862
38167
38863
38870
38871
38872
38882
38883
38890
38893
38894
38897
38898
38910
38912
38913
38915
38921
38930
38934
38940
38945
38946
38948
38951
38952
38953
38956
38962
38963
38964
38965
38968
38974
38976
38988
38992
39000
39001
39008
39011
39012
39013
39025
39031
39033
39038
39044
39046
39053
39054
39057
39058
39063
39065
39068
39070
38436
39072
39080
39081
39089
39092
39096
39114
39117
39131
39136
39138
39150
39153
39155
39163
39167
39172
39173
39178
39191
39193
39194
39896
39195
39211
39212
39222
39226
39239
39249
39250
38076
39256
39268
39272
39280
39378
39296
38931
39307
39311
39315
39322
38517
39324
39332
39337
39339
39340
39343
39345
39351
39357
39366
39367
39368
39375
39377
39382
39383
39403
39745
39406
39410
39413
39418
39426
39429
39430
39434
39439
39443
39449
39450
39451
39459
39470
39472
39476
39479
39480
39488
39497
39505
39517
39524
39532
39175
39540
39542
39545
39552
39554
39556
39557
39578
39579
39589
39590
38831
39596
39599
39600
39989
39447
39616
39618
39625
39627
39632
39640
39641
39648
38113
39652
39656
39661
39662
39664
39667
39668
39672
39677
39682
39686
39688
39691
39692
39693
39696
39703
39704
39709
39711
39713
39715
39720
39723
39726
39728
38405
39742
39743
39747
39749
39750
39755
39757
39765
39767
39768
39784
39792
39793
39797
39800
39804
39805
39824
39825
39831
39838
39843
39852
39875
39877
39882
39883
39598
39884
39887
39889
39905
39909
39912
39920
39925
39926
39928
39935
39936
39946
39948
39953
39966
39969
39971
39972
39975
38058
39982
39986
38000
39878
38004
38008
38009
38012
38328
38036
38013
38028
38041
38046
38048
38052
39984
39653
38059
38070
38073
38086
38349
38090
38097
38125
38100
38112
38118
38122
38323
38134
38149
38154
38156
38159
38160
38163
38165
39697
38173
38187
38195
38198
38199
38201
38202
38543
39387
38209
38245
38253
38262
38264
38272
38277
38278
38479
38281
38283
38285
38294
38296
38300
38301
38303
38308
39276
38321
38329
38335
38347
38352
38359
38360
38361
38366
38367
38371
38373
38379
38380
38364
38384
38391
38395
38415
39140
38416
38426
38430
38439
38440
38448
38451
38453
38456
38458
38459
38467
38468
39690
38469
38478
38485
38486
38488
38493
38494
38197
38498
38507
38511
38518
38521
38527
38529
38533
38539
38541
38547
38552
38560
38565
38577
38581
39847
39474
38584
39018
38590
38596
38598
38599
38603
38607
38608
38615
38616
38619
38621
38623
38626
38629
38632
38648
38653
38655
38669
38670
38671
38679
38685
38688
38689
38694
38698
38700
38703
38712
38713
38719
38731
38736
38743
38813
38744
38506
38747
38753
38754
39282
38763
38770
38771
38779
38782
38785
38789
38791
38721
38792
39560
38801
38804
38805
38807
38455
38825
38829
38850
38855
38858
38859
38860
38865
38867
38875
38880
38884
38885
38886
38887
38889
38901
38902
38907
38909
39922
38918
38922
38929
39309
38932
38933
38935
38937
38955
38957
38960
38961
38978
38980
38984
38995
38999
39004
39006
39010
39020
39023
39027
38546
39030
39669
39032
39048
39052
39055
39066
39067
39082
39086
39090
39091
38114
39104
39107
39108
38752
39111
39120
39126
39128
39133
39141
39145
39156
39159
39162
39168
39169
39174
38645
39177
39185
39187
39190
39199
39203
39330
39209
39213
39216
39219
39220
39221
39224
39230
39232
39233
39234
39237
39242
39979
38316
39257
39271
39275
38325
39279
39288
39292
39299
39300
38606
39301
39304
39308
39310
39312
39321
39326
39329
39331
39333
39335
39348
39353
39354
39360
39362
39364
39370
39371
39373
39376
39379
39386
39389
39393
39394
39400
39407
39411
39412
38916
39414
39079
39416
39422
39424
39435
39440
39441
39454
39458
39461
39483
39484
39492
39503
39504
39507
39510
39511
39514
39516
39519
39523
39527
39533
39537
39539
39549
39550
39555
39563
39567
39568
39572
39574
39583
39588
39594
39601
39603
39605
39609
39611
39615
39624
39631
39635
39639
39646
39649
39651
39666
39676
39681
39683
39699
39700
39702
39707
39708
39718
39731
39735
39737
39739
39744
39754
39758
39759
39762
39764
39769
39770
39771
39778
39780
39782
39785
39786
39790
39791
39795
39796
39798
39799
39801
39802
39807
39809
39813
39815
39816
38544
39820
39828
38442
39835
39841
38585
39849
39853
39856
39858
39860
39867
38729
39870
39888
39890
39201
39901
39903
39938
39907
39911
39916
39918
39921
39927
39358
39934
39954
39955
39958
39985
39973
39987
39991
39994
39998
38001
38002
38006
38015
38022
38025
38769
38029
38042
38043
38044
38055
38063
38065
38077
38078
38082
38094
38099
38106
38115
38119
38105
38132
38148
38151
38153
38868
38168
38177
38181
38644
38186
39836
38192
38208
38210
38216
38217
38223
38225
38230
38235
38236
38238
38247
39317
38248
38265
39818
38275
38309
38310
38313
38327
38336
38342
38343
38368
38370
38376
38386
38392
38393
38398
38399
38400
38402
38404
38406
39240
38410
38582
38443
39088
38460
38466
38482
38484
38502
38509
38514
38516
38519
38293
38524
38532
38534
38535
38537
38554
38558
38562
38568
38446
38593
38602
39302
38610
38613
38622
38628
38633
38634
38638
38348
38920
39181
38660
38664
38680
38681
38683
38823
38686
38704
38739
38707
38714
38715
38727
39123
38735
39528
39119
38762
38764
38766
38772
38775
38776
38780
38787
38795
38800
38808
38810
38814
38820
38822
38699
38827
38830
39886
38832
38838
38839
38842
38846
38849
38851
38853
38873
38876
38878
38891
38903
38904
38911
38959
39415
38651
38939
38943
38944
38947
38949
38917
38967
38973
38982
38986
38987
38993
38997
39002
39017
38595
39022
39026
39034
39041
39042
39051
39059
39062
38103
39073
39083
39085
38463
39100
39106
39118
39122
39176
39129
38418
39143
39144
39151
39158
39160
39165
39166
39130
39179
39183
39189
39192
39196
39200
39205
39227
39235
38423
39244
39247
39258
39265
39270
39278
39285
39298
38840
39327
39336
39341
39346
38906
39355
39359
39363
39369
39372
39374
39392
39396
39398
38695
39401
39404
39420
39421
39423
39425
39432
39433
39437
39445
39446
39452
39453
38138
39457
39460
39419
39465
39466
39467
39469
39471
39473
39477
39478
39481
39487
39489
39490
39494
39520
39525
39529
39534
39535
39558
39559
38803
39562
39569
39580
39582
39587
39592
39604
39606
39607
39612
39613
38286
39626
39634
39170
39637
38647
39633
39645
38064
39663
39671
39679
39197
38315
38475
39710
39712
39719
39727
39730
39830
39733
39794
39746
39772
39775
39787
39789
39752
39803
39819
39821
39826
39736
39833
39834
38206
39837
39840
39846
39848
39855
39863
39865
39871
39872
39874
39891
39894
39895
38292
39900
39906
39908
39915
38919
39923
39924
39943
39945
39956
39959
39960
39962
39964
39976
39977
39978
39988
39999
38011
38019
38032
38033
38071
38102
38081
38101
38110
39654
38121
38136
38140
38161
38170
38171
38179
38203
38191
38193
39845
38211
38234
38116
38263
38271
38276
38302
38317
38016
38331
38333
38334
38385
38354
38378
38389
38414
38433
39756
39074
38318
38487
38497
38508
39210
38523
38540
39823
39127
38545
38564
38566
38578
38600
38601
38625
38639
38642
38643
38649
38656
38663
38676
38697
38061
38709
38726
39880
38741
38750
38774
38781
38790
38806
38382
38821
38847
38857
38861
38864
38892
39356
38908
38924
38928
38958
38972
39003
39007
39035
39039
39942
39097
39102
39109
38738
38557
39157
39161
38270
39207
39231
39251
39259
39261
38021
39284
39286
39289
39291
39293
39306
39316
39318
39323
39325
39344
39347
39361
39303
39380
38237
39390
39405
39417
39431
39436
39438
39448
39464
39320
39468
39501
39506
39509
39515
39521
39526
38756
39530
39536
39546
38470
39553
39561
39570
39595
39602
39620
39622
39655
39658
39660
39675
39678
39685
39695
38174
39716
39722
39729
39409
39773
39776
39783
39806
38295
39822
39829
39839
39842
39862
39864
38005
39879
39881
39885
39899
39931
38172
39939
39940
39941
39944
39947
39961
39974
39981
38755
39610
39990
38039
38724
38109
38111
38141
38162
38504
38214
38243
38244
38246
38249
38255
38280
39904
38525
38306
38345
38351
38437
38462
38464
38495
38513
38515
38226
38548
38561
39218
38588
38659
38661
38665
38667
38678
38796
38723
38725
38757
38793
38824
38833
38835
38877
38899
38905
38923
38941
38950
38954
38975
38989
39015
39019
39021
39075
39076
39116
39147
39149
39689
39214
39228
39274
39328
39349
39381
39385
39428
38586
39482
39493
39513
39581
39586
39619
39629
39665
39045
39674
39738
39751
38454
39763
39810
38232
39861
39898
39910
39965
39970
39254
39983
39997
39263
38227
38326
38337
39644
38356
38390
38394
38401
38412
38413
38419
38018
38728
38809
39037
39078
39115
39134
39171
39184
39229
38252
39350
39541
39575
39577
39617
39630
39694
39698
39701
39761
39812
39814
39893
39930
39963
38092
38178
38299
38307
38330
39475
38879
39638
38260
39245
39496
39614
39687
39967
38003
38549
38575
39069
39094
