34071
35693
34854
34072
34083
34096
34124
34125
34133
34141
34160
34171
34176
34227
34244
34260
34278
34290
34292
34303
34314
34346
34376
34404
34450
34455
34479
34485
34488
34518
34521
34562
34568
34605
34638
34659
34714
34739
34741
34750
34756
34779
34783
34785
35860
34797
34817
34825
34857
34870
34885
34887
34891
34920
34930
34934
34936
34945
35201
34960
34992
34997
35000
35039
35055
35072
35079
35108
35154
35159
35164
35181
35185
35198
35214
35218
35237
35301
35304
35311
35337
35349
35370
35388
35408
35421
34544
35434
35490
35499
35515
35521
35537
35563
35571
35612
35614
35628
35669
35673
35680
35710
35712
35722
35724
35736
35783
35826
35861
35880
35892
35896
35919
34699
35950
34004
34006
34010
34013
34033
34044
34048
34065
34076
34079
34086
34091
34112
34119
34121
34122
35679
34157
34178
34190
34192
34193
34423
34208
34216
35007
34218
34238
34245
35289
34660
34175
34253
34275
34286
34293
34295
34296
34297
34322
34328
34340
34345
34367
34381
34392
34395
34405
34412
34416
34427
34433
34441
34442
35757
35141
34459
35099
34512
34946
34520
34545
34555
34020
34556
34352
34567
34577
34579
34591
34592
34593
34594
34603
34609
34615
34617
34618
34619
34625
34626
34635
34637
34643
34649
34655
34656
34675
34681
34686
34691
34695
34696
34703
34705
34710
34717
34731
34734
34735
34742
34746
34751
34754
34762
34780
34789
34806
34810
34832
35095
34835
34839
34853
34858
34862
34866
34867
35066
35593
34874
34916
34933
34952
34963
34966
34975
34977
34982
34921
34983
35003
35006
35008
35017
35025
34372
35863
35032
35056
35060
35067
35068
35090
35091
35094
35096
35100
35104
35120
35124
35126
35133
35137
35143
35167
35174
35178
35184
35186
35187
35188
35568
35189
35208
35230
35243
35247
35250
35262
35264
35274
35275
35283
35286
35290
35302
35306
35310
35312
35316
35319
35321
35329
35330
35333
35335
35354
35355
35358
35366
35373
35545
35375
35383
35390
35391
35394
35417
35418
35432
35450
35451
35454
35459
35472
35481
35482
35496
35503
35506
35511
35520
35532
35540
35544
35357
35556
35561
35574
35575
35578
34809
35584
35606
35610
35619
35629
35631
35633
35641
35644
35651
35655
35657
35659
35672
35675
35677
35682
35683
35700
35706
35720
35721
35725
35746
35750
35758
35766
35778
35785
35793
35797
35799
35983
35800
35820
35822
35837
35843
35846
35851
35866
35879
35884
35885
35886
35893
35900
35902
35915
35917
35918
35926
35928
35942
35953
35986
35988
35991
35994
34009
34011
34894
34012
34022
34024
34025
34026
34027
34032
34034
34035
34036
34038
34046
34049
34054
34060
34063
34064
34068
34069
34077
34082
34087
34098
34104
34105
34114
34115
34117
35985
34123
34135
34137
34138
34143
34144
34154
34687
34342
34156
34168
34172
34264
34177
34179
34182
34183
34185
34186
34187
34197
34198
34203
34204
34209
35092
34211
34228
34234
34237
34241
34243
34246
34250
34251
34254
34261
34265
34267
34268
34272
34274
34276
34277
34283
34284
34285
34287
34301
34306
34308
34310
34311
34316
34319
34332
34334
34337
34341
34878
34166
34350
34354
34355
34356
34357
34360
34361
34366
34377
34378
34379
34385
34388
34398
34407
34408
34409
34411
34426
34428
34430
34434
35422
34437
34440
34444
34445
34447
34448
34461
34463
34118
34464
34470
35795
34813
34474
34491
34496
34499
34511
35528
34522
34526
34535
34536
34538
34546
34548
34549
34550
34552
34557
34558
34572
34576
34578
34584
34586
34587
34590
34597
34600
34601
34613
34620
34628
34629
34646
34648
34662
34667
34671
34674
34680
34682
34688
34689
34690
34698
34000
34706
34708
34712
34718
34719
34720
34721
34726
34730
34743
34763
34769
34777
34778
34786
34792
34803
34805
35599
34811
34812
34489
34816
34818
34821
34823
34826
34829
34830
34834
34841
34847
34849
34852
34864
34868
34869
34880
34882
34897
34249
34904
34913
34917
34991
34923
34926
34928
34938
34942
34948
34950
34958
35441
34959
34965
34967
34973
34978
34979
34986
34990
34993
35014
35021
35023
35028
35029
35031
35034
35035
35038
35043
35046
35057
35440
35064
35073
35082
35087
35093
35101
35103
35105
35109
35110
35117
35118
35125
35128
35135
35138
35140
35142
35150
35151
35153
35157
35158
35161
35168
35169
35183
35190
35193
35197
35203
35207
35211
35213
35215
35219
35229
35829
35232
35257
35258
35263
35266
35267
35272
35278
35284
34257
35293
35314
35317
35323
35324
35325
35326
35327
35336
35338
35339
35342
35345
35350
35359
35363
35367
35369
35371
35372
35374
35376
35385
35386
35393
35396
35611
35397
35401
35402
35404
35406
35410
34697
35411
35428
35429
35437
35449
34482
35452
35467
35480
35483
35489
35081
35996
35492
35498
35502
35507
35513
35524
34524
35531
35533
35539
35541
35543
35548
35549
35552
35560
35566
35573
35430
35577
35585
35589
34907
35597
35598
35601
35604
35613
35618
35627
35634
35637
35639
35640
35648
35658
35660
35663
35664
35666
35681
35686
35692
35694
35696
35703
35708
35709
35717
35718
35731
35733
35737
35739
35742
35760
35761
35763
35767
35773
35776
35777
35780
35784
35790
35794
35806
35811
35812
35816
35825
35256
35831
35840
35841
35845
35852
35858
35859
35862
35867
35875
35876
35889
35890
35895
34856
35897
35903
35906
35907
35908
35920
35922
35932
35934
34152
35936
35940
35941
35946
35948
35957
35961
35962
35965
35967
35968
35972
35973
35976
35810
35989
35990
35993
35995
35999
34001
34002
34018
34021
34028
34037
34045
34050
35667
34052
34057
34067
34073
34074
34080
34081
34084
34085
34093
34095
34097
34100
34101
34102
34113
34466
34120
34127
34129
34130
34132
34134
34136
34305
34139
34142
34145
34150
34151
35939
34153
34158
34159
34161
34167
34188
34200
34480
34201
34768
34207
34212
34224
34226
34229
34230
34239
35202
34242
34252
34255
34256
35582
34263
34281
34282
34288
34291
34294
34299
34304
34307
34309
34318
34321
35463
34327
34338
34344
34349
34351
34363
34364
34371
34374
34380
34387
34389
34394
34399
34400
34402
34417
34418
34419
34420
34422
34425
34429
34435
34436
34439
34446
34462
34449
34453
34456
34457
34458
34460
34452
35530
34471
34475
34481
34487
34493
34727
34494
34504
34382
34506
34515
34517
34527
34570
34528
34693
34530
34534
34539
34540
34547
34554
34561
34563
34564
34565
34573
34574
34582
34585
34588
34599
34604
34611
34621
34622
34713
34627
34633
34639
34641
34650
34651
34652
34259
34665
34668
34670
34672
34678
34679
34684
34685
34163
34692
35412
34700
34701
34704
34707
34711
34715
34498
34733
34023
34744
34749
34755
34758
34759
34766
34767
34210
34770
34776
34787
34790
34793
34795
34804
34808
34814
34819
34827
34831
34833
34836
34845
34848
34859
34860
34861
34871
34877
34879
34881
34883
34884
34889
34019
34896
34898
34838
34901
34910
34911
34915
34922
34924
34932
34935
34937
34941
34943
34944
35334
34541
34953
34968
34969
34976
34987
34994
35002
35504
35004
35009
35011
35015
35016
35024
35026
35030
35036
35040
35042
35044
35050
35059
35061
35062
35063
35070
35071
35075
35076
35077
34042
35078
35084
35089
35098
35107
35111
35113
35115
35116
35121
35127
35130
35131
35132
35134
35136
34495
35146
35149
35152
35156
35163
34909
35166
35195
35199
35206
35210
35216
35223
35226
35231
35233
35234
35235
35245
35254
35674
35259
35271
35277
35281
35282
35285
35287
35295
35296
35049
35303
35313
35318
35320
34949
35340
35341
35344
35346
34728
35352
35559
35361
35364
35365
35378
35392
35395
35398
35400
35407
35433
35436
35438
35065
35447
35455
35456
35457
35461
35464
35470
34851
35473
35477
35484
35487
35501
35509
35510
35514
35516
35519
35523
35526
35527
35534
35380
35315
35553
35562
35565
35194
35586
35590
35600
35602
35298
35609
35616
35617
35620
35624
35625
35632
35642
35493
35649
35654
35665
35668
35268
35687
35688
35690
35695
35704
35705
35711
35726
35727
35729
35730
35734
35743
35749
35752
35753
34477
35762
35765
34559
35768
35770
35774
35781
35787
35789
35792
35801
35803
35804
35808
35813
35815
35817
34051
35824
35832
35835
35836
35842
35847
34801
35864
35868
35870
35871
35872
35877
35878
35894
35904
35905
35909
35914
35916
35923
35925
35935
35943
35949
35958
35567
35959
35974
35981
35982
35984
34003
34005
34007
34014
34610
34015
34747
34029
34030
34039
34043
35279
34053
34061
34088
34089
34094
34103
34106
34107
34796
34116
34131
34146
35261
34148
34169
34170
34173
34180
34189
34191
34194
34196
34206
34214
34217
34220
34223
34236
34240
34248
34269
34273
34298
34312
34315
34317
34320
34323
34324
34330
34331
34335
34343
34348
34571
34358
34359
34365
34370
34510
34519
34383
34391
34396
34397
34406
34410
34414
34415
34421
34215
34431
34432
34454
34465
34467
35205
34468
34476
35453
34483
34490
34492
34500
34501
34502
34508
34523
34531
34533
35623
34542
34553
35769
34566
34580
34583
34595
35899
34596
34607
34016
34616
34971
34623
34630
34632
34634
34636
34642
34644
34645
34647
34658
34663
34666
34669
34532
34694
34702
34716
34722
34723
34725
34509
34729
34738
34740
34748
34543
34753
34761
34771
34772
34775
34782
34784
34791
35913
34798
34807
34815
34824
34843
34844
34850
34863
34865
34872
34873
34876
34347
34886
34888
34890
34893
34899
34906
34918
34919
34927
34939
34957
34624
34974
34981
34989
34996
34998
34999
34231
35010
35012
35013
35018
35027
35037
35041
35045
35048
35307
35052
35053
35069
35080
35652
35085
34221
34837
35097
35119
35144
35155
35162
35170
35173
35177
35192
35182
35204
35212
35221
35222
35228
35238
35240
35242
35246
35248
35249
35251
35252
35255
35270
35273
35276
35280
35294
35615
35299
35300
35165
35308
35322
35328
35332
35348
35356
35360
35379
35381
34289
35382
35405
35413
35416
35424
35426
35427
35579
35431
35439
35444
35445
35448
35465
35469
35471
35474
35478
35485
35486
35488
35491
35517
35518
35522
34473
35535
34451
35536
35546
35551
35554
35555
35557
35963
35569
35570
35572
34279
35583
35587
35594
35595
35596
35603
35605
35607
35399
35621
35468
35626
35630
35636
35645
35647
35653
35656
35670
35671
35676
35685
35691
35697
35699
35713
35714
35738
35741
35747
35748
35771
35775
35788
34478
35796
35802
35809
35818
35834
35838
35844
35857
35869
35873
35881
35882
35883
35887
35542
34598
35912
35921
35924
35927
35931
35933
35938
35945
35947
35952
35954
35966
35970
35979
35980
35420
34128
35992
35495
35997
35998
34008
34017
34560
34031
34040
34041
34047
35828
34055
34092
34109
34147
34149
34155
34162
34181
34195
34202
34213
34219
34225
34233
34247
34270
34271
35389
34325
34326
34329
34333
34339
34369
35033
34373
34375
34384
34386
34393
34413
34424
34443
34486
34503
34507
34736
34513
34390
34525
34537
34760
34529
34575
34581
34589
34602
34606
34614
34653
34657
34664
34673
34676
34677
34724
34737
34745
34757
34764
34765
34781
34794
34822
34828
34905
34842
35475
34075
35898
34892
34895
34900
34902
34908
34914
34929
34940
34951
34955
34961
34980
34988
34995
35001
35020
35054
35058
34875
35088
34516
35106
35112
35122
35123
35129
35819
35139
35147
35148
35558
35171
35172
35176
35191
35196
35200
34964
35209
35217
35220
35224
35225
35236
35241
35265
35269
35291
35292
35297
35956
35331
35351
35368
35384
35387
35403
35409
35987
35435
34962
35442
35460
35462
35476
35479
35500
35005
35505
35508
35512
35525
35529
35901
35576
35239
35580
35622
35638
35643
35646
35678
35702
35707
35715
35716
35719
35740
35744
35745
35754
35755
35759
35764
35779
35791
35798
35814
35821
35827
35833
35848
35850
35853
35854
35855
35874
35891
35911
35929
35930
35951
35955
35347
35960
35977
35083
34059
34062
34066
34070
34099
34110
34164
35160
34184
34232
34235
34266
34300
34302
34140
34353
34362
34368
34401
34403
34472
34608
34612
34661
34683
34709
34631
34732
34752
34773
34774
34788
34126
34799
34820
34846
34855
34903
34925
34947
34954
34956
34972
34984
34985
35019
35022
35051
35074
35086
34199
35175
35179
34469
35244
35260
35309
35343
35362
35415
34438
35423
35443
35446
35458
35494
35547
35550
35564
35591
35608
35635
35661
34056
34174
35684
35689
35698
35723
35728
35756
35782
35145
35823
35839
35849
35047
35865
35888
34800
35937
35969
35978
34078
34090
34108
34111
34222
34280
34313
34205
34497
34505
34514
34551
35353
34802
34840
34912
34931
34970
35102
35114
35227
35253
35910
34165
35305
35377
35419
35425
35466
35497
35588
35662
35701
35732
35735
35751
35772
35786
35805
35830
35856
35944
35964
35971
34262
34484
34569
34654
35180
35592
34058
35414
34336
35650
35807
35288
35975
34258
35538
