14024
14706
14033
14055
14068
14079
14084
14086
14095
14100
14110
14118
14124
14127
14166
14173
14182
14224
14225
14229
14248
14324
14361
14395
14396
14421
14247
14424
14444
14456
14457
14467
14483
14488
14524
14585
14587
14596
14601
14708
14712
14749
14789
14813
14814
14855
14860
14865
14922
14925
14961
14980
14997
15013
14155
15014
15118
15124
15128
15142
15191
15211
15245
15260
15270
15300
15344
15351
15393
15394
15397
15409
15422
15428
15439
15454
15455
15478
15485
15491
15506
15413
15508
15557
15566
15568
15662
15666
15670
15674
15739
15752
15771
15790
15798
15810
15820
15843
15863
15875
15883
15895
14372
15897
15944
15962
15978
15984
15988
14006
14007
14019
14020
14022
14025
14031
14038
14045
14053
14054
14064
14082
14085
14088
14097
14098
14099
14109
14132
14136
14137
14966
15468
14141
14156
14171
14190
14195
14196
14198
14205
14210
14214
14746
14821
14216
14219
14244
14253
14255
14258
14260
14264
14265
14269
14276
14279
14285
14289
14292
14303
14825
14315
14326
14333
14342
14344
14359
14360
14368
14378
14387
14391
14393
14402
14405
14410
14413
14414
15558
14415
14439
14455
14462
14465
14471
14472
14474
14482
14485
14499
14501
14504
14506
14517
14523
14530
14532
14541
14555
14564
14566
14569
14577
14584
14599
14604
14613
14616
14622
14626
14634
14639
14642
14661
14664
15731
14671
14680
14699
14703
14707
14720
14721
14732
14734
14744
14750
14759
14764
14769
14781
14801
14807
14218
14828
14841
14844
15303
14847
14852
14854
14857
14861
14871
14875
15459
14877
14891
14893
14897
14900
14906
14909
14918
14921
14935
14945
14947
14958
14963
14978
15489
14984
14996
15006
15009
15017
15021
15510
15031
15041
15042
15052
15058
15060
15062
14090
15074
14834
15081
15098
15116
15157
15121
15127
15129
15653
14926
14561
15136
15150
15151
15168
15180
15193
15199
15206
15224
15235
15237
15239
15257
15259
15277
14731
15285
15324
15328
15331
15337
15345
15346
15968
15361
15368
15379
15386
15387
15389
15410
15412
15421
15426
15435
15436
15446
15448
15467
15470
15472
15473
15484
14988
15495
15497
15507
15514
15521
15531
15542
15552
15564
15565
15575
15591
15603
15616
15624
15636
15650
15655
15659
15661
15671
15677
15680
15685
15688
15694
15695
15707
15712
15713
15229
15726
15534
14976
15737
15775
15777
15778
15782
15786
15801
15805
15824
15842
15846
15848
15853
15864
15865
15868
15870
15878
15882
15886
15898
15903
15310
15911
15918
15933
15938
15943
15958
15959
15266
15960
15977
15989
15993
15997
15998
14002
14003
14005
15646
14009
14014
14021
14028
14032
15611
14039
14042
14043
14044
14588
14046
14058
14059
14065
14071
14073
15297
14092
14102
14104
14107
14121
15022
14122
14129
14135
14138
14145
14154
14162
14165
15910
15678
14168
14183
14186
14277
14188
14194
14197
14995
14203
14209
14212
14213
14215
15482
14220
14237
14240
14242
15348
14245
14250
14252
14256
14263
14266
14272
14286
14291
14297
14298
14301
14309
14310
14318
14319
14320
15672
14323
14329
14331
14332
14339
14341
14346
14348
14355
14729
14356
14367
14370
14373
14382
14384
14388
14389
14398
14401
14409
14411
14422
14426
14428
14436
14837
15016
14445
14451
14458
14460
14468
14470
14473
14662
14480
14487
14491
14496
14498
14500
14505
14507
14508
14521
14526
14534
14535
14540
14543
14547
15794
14551
14557
14570
14579
14582
14589
14590
14593
14595
14597
14600
14606
15313
14607
14624
14628
14636
14640
14652
14658
14659
14189
14660
14667
14668
14669
14676
14677
14683
14685
14691
14692
14697
14701
14711
14716
14867
14723
14730
14733
14736
14737
14738
14739
14638
14742
14758
14760
14765
14767
14770
14778
14780
14783
14790
14794
14803
14810
14811
14815
14816
14817
14819
14824
14826
14829
14836
14838
14839
14842
14843
14845
14849
14850
14859
14864
14727
14868
14874
14884
14886
14890
14896
14901
14911
14912
14915
14916
15612
14924
14932
14937
14939
14940
14952
14955
14956
14969
14971
14972
14973
14977
14983
14985
14986
14992
14993
14998
15004
15005
15024
15030
15995
14241
15045
15064
14239
15065
15073
15080
15088
15092
15093
15094
15095
15099
15100
15101
15103
15108
15111
15113
15117
15125
15130
15133
15138
15141
15213
15144
15149
15152
15158
15159
15160
15169
15175
15179
15181
15182
15187
15192
15194
15201
15202
15203
14307
15205
15208
15084
15561
15212
15230
15236
15240
15241
15244
15250
15253
15262
15264
15969
15269
15282
15283
15284
15286
15287
15292
15293
15295
14614
15315
14889
14892
15316
15327
15332
15613
15339
15347
14249
15155
15353
15356
15357
15360
15365
15367
15372
15373
15375
15376
15378
15380
15384
15391
15392
15396
15402
15405
15406
15548
15415
15417
15418
15420
15424
15431
15437
15438
15445
15450
15452
15461
15465
15474
15476
15477
15481
15498
15513
15515
15519
15520
15522
15524
15525
15535
15536
15538
15546
15549
15550
15551
15554
15562
15563
15586
15569
15571
15578
15580
15583
15588
15589
15590
15594
15600
15604
15606
15607
15610
14041
14931
15341
15615
15622
15623
15625
15626
15627
15633
15635
15639
15579
15274
15641
14010
15648
15649
15656
15658
15660
15665
15669
15673
15089
15683
15690
15691
15696
15700
15702
14938
15703
15714
15716
15717
15718
15730
14672
15732
15734
15736
15744
15750
15754
15757
15760
15766
15772
14117
15773
15781
15784
15793
15811
15823
15830
15839
15841
15845
15856
15869
15872
15877
15881
14522
15884
15893
15906
15907
15909
14172
15914
15925
15931
15936
15939
15946
15956
15957
15964
15967
15972
15973
15975
15976
15981
15982
15991
14004
14008
14011
14012
14013
14017
14026
14027
14029
14040
14050
14056
14057
14062
14076
14078
14080
14087
14093
14101
14184
14115
14123
14125
14139
14140
14144
14150
14160
14163
14164
14179
14181
14192
14202
14204
14221
14227
14233
14235
15071
14254
14257
14259
14261
14268
14270
14274
15066
14275
14278
14280
14282
14283
14294
14295
14296
14300
14302
14306
15207
14311
14312
14321
14327
14128
14328
14334
14337
14338
14340
14343
14354
14358
14363
14364
14366
14369
14376
14379
14380
14392
14397
14400
14403
14412
14427
14848
14431
14453
14459
14464
14475
14795
14476
14479
14489
14492
14494
14497
14502
14509
14510
14512
14513
14516
14518
14519
15888
14531
14533
14538
14546
14549
14550
14552
14556
14560
15148
14562
14563
14565
14568
14574
14581
14047
14592
14594
14605
14612
15512
14617
14619
14625
14629
14632
15049
14751
14644
14646
14647
14654
14656
14657
14484
14673
14675
14679
14684
14687
14975
14689
14693
14696
14698
14709
14715
14718
14719
14724
14726
15289
14735
14740
14743
14748
14753
14756
14761
14763
14772
14775
14776
14777
14779
14782
14784
14786
14793
14797
14799
14804
14805
14806
14808
14809
14812
14818
14822
14823
14833
14835
15255
14840
14856
14862
14869
14872
14883
14885
14888
14895
14903
14904
14908
14913
14917
14919
15817
14920
14928
14929
14934
14936
15704
14941
14949
14950
14951
14962
14965
14148
14967
14970
14690
14981
14987
15001
15015
15019
15020
15023
14449
15025
15759
15035
15037
15039
15040
15050
15054
15057
14193
15067
15070
15075
15076
15078
15086
15087
15689
14881
15090
15097
15105
15106
15109
15110
15112
15132
15134
15135
15139
15145
15146
15354
15161
15162
15165
15167
15170
15176
15177
15183
15188
15189
15190
15195
15196
15209
15147
15215
15219
14345
15220
15238
15243
15246
15249
15251
14704
15256
15271
15275
15296
15306
15308
15572
15913
15325
15334
15051
15335
15350
15352
15358
15364
15370
15390
14571
15395
15400
15403
15404
15407
15423
15427
14443
15433
15443
15444
15451
15456
15457
15462
15463
15755
15464
15479
15480
15483
15490
15494
15499
15847
15509
15527
15530
15537
15540
15544
15545
15553
15555
15556
14433
15559
15560
15225
15322
15573
14637
15574
15577
15644
15581
15582
15584
15598
14798
15601
15614
15617
15619
15620
15621
15631
15647
15137
15654
15663
15664
15668
15374
15742
14325
15686
15693
15706
15709
15710
15711
15715
15722
15723
15724
15738
15741
15684
15746
15748
15751
15803
15753
15762
15763
15765
15767
15774
15788
15791
14553
15802
15804
15806
15807
15816
14923
15819
15822
15825
15829
15832
15834
15844
15854
15857
15860
15867
15028
15885
14030
15899
15902
15905
15916
15922
15923
15928
15940
15941
15947
15950
15952
15953
15965
15966
15979
15985
15987
15990
15999
14016
14018
15900
14034
14066
14070
14074
14077
14083
14089
15079
14103
15091
14108
14114
14116
14119
14130
14131
14133
14134
14999
14143
14149
14159
14167
14170
14176
14180
14185
15955
14666
14200
15164
14201
14208
14228
14231
14234
14665
14238
14246
14290
14305
14394
15223
15901
14349
14353
14362
14371
15926
14374
14377
14383
14417
14418
14419
14420
14423
14425
14430
14432
14435
14441
14442
15440
14448
15027
14452
14466
14478
14481
14490
14495
14511
14527
14529
14536
14542
14554
14559
14567
14578
14580
14583
14586
14591
14602
14621
14611
14620
14230
14623
14649
14651
14663
14678
14681
14682
14686
15263
14705
14710
14713
14722
14728
14217
14747
14754
14755
14766
14768
14773
14785
14788
14796
15602
14802
14820
14317
14827
14831
14832
15082
14438
14863
14873
14876
14882
15517
15323
14902
14905
15143
14933
14943
14944
14948
14953
14957
14964
14974
15758
14979
14991
14994
14147
15000
15002
15008
15012
15018
15377
14126
15890
15029
14111
15038
15047
15338
15059
15068
15217
15085
15104
14635
15107
15317
15122
15131
15154
15156
15123
15174
15186
15197
15198
15200
15210
15214
15218
15951
15221
15231
15234
15242
15486
15247
14853
15268
15273
15645
15276
15280
15290
15302
14851
15304
15305
15307
15309
15314
14146
15126
15320
15321
14072
15326
15340
15342
15355
15359
14618
15366
15371
15381
15399
15401
15411
15419
15429
15430
15434
15441
15442
15447
15814
15458
15471
15487
15492
15500
15501
15502
15503
15505
15032
15511
15518
15756
15539
15541
15547
15567
15587
15592
15599
15634
15642
15667
15675
14178
15681
15682
15687
15692
15697
15720
15721
15725
15735
15745
15749
15770
15785
15789
15792
15795
15796
15799
15800
15808
15812
15818
15821
15827
15831
15836
15837
15838
15849
15850
15851
15858
15873
15892
14350
15904
15908
15915
15917
15919
15924
15761
15929
15932
15934
15935
14989
15937
15948
15949
14191
15963
15970
15983
15992
15994
14000
14982
14023
14036
14052
14063
14069
14094
14365
14105
14112
14120
14142
14152
14450
14157
14174
14175
14177
15780
14187
14199
14226
15576
14232
14243
14437
14273
14281
14308
14314
14322
14335
14336
14351
14357
14381
14390
14347
14399
14407
14416
14429
14461
14493
14515
14528
14544
14572
14573
14575
14576
14598
14603
14608
14609
14610
14627
14631
14633
15119
14645
14648
15063
14674
14688
14694
14700
14702
14714
14717
14725
14741
14752
14771
14787
14477
14800
15007
14830
14408
14866
14878
14879
14910
14914
14927
14946
14954
15036
15942
14206
15011
15033
15043
14643
15055
15056
15061
15069
15072
15077
15083
15698
15044
15114
15115
15140
15166
15171
15172
15184
15204
15216
15222
15228
15232
15233
15261
15272
15279
15281
15291
14096
15298
15301
15311
14207
15349
15408
15414
15449
14887
15460
15475
15248
15504
15369
14899
15528
15532
15533
15543
15585
15596
15597
15605
15608
15618
15628
15637
15638
15657
15676
15102
15699
15701
15708
15727
15729
15740
15764
15783
15787
15797
15809
15813
15469
15826
15833
15840
15526
15852
15862
15871
15874
15876
15879
15896
15912
15920
15921
15927
15954
15974
15980
14037
14048
14067
14075
14081
14091
14113
14330
14153
14158
14169
14211
14222
14251
14262
14267
14284
14299
14316
14385
14404
14440
14446
14454
14463
14486
14514
14537
14558
15398
14615
14641
14650
14653
14670
14106
14745
14757
14774
14792
14846
14858
15096
14898
14907
14035
15003
14447
15010
15048
15120
15163
15382
15173
15254
15258
15278
15288
15294
15299
15312
15333
15343
15383
15385
15416
15425
15432
14236
15488
15496
15516
15523
15529
15593
15609
15629
15640
14930
15651
15728
15466
15776
15779
15815
15828
15835
15855
15859
15861
15866
15887
15891
15894
15226
15961
15362
15986
15971
15053
14001
14015
14049
14060
14061
15329
14223
14271
14288
14293
14304
14313
14352
14375
14386
14406
14434
14520
14525
14539
14545
14695
14762
14791
14880
14894
15652
14959
14960
14968
15153
15227
15733
15252
15265
15267
15330
15336
15363
15026
15453
14151
15570
15595
15630
15632
15643
15719
15743
15747
14990
15768
15769
15930
15880
15889
15945
15996
14051
14161
14287
14469
14503
14548
14655
15318
14942
15034
15046
15178
15185
15679
15388
15493
15705
14870
