52010
53556
52311
53500
52013
52075
52076
52087
52103
52112
52140
52146
52149
52236
52157
52171
52172
52237
52259
52272
52278
52293
52297
52305
52315
52320
52328
52332
52356
53895
52377
52531
52583
52607
52625
52627
52641
52644
52650
52712
52742
52746
52749
52779
52833
52837
52852
52878
52884
52935
52962
52997
53007
53027
53059
53062
53094
53108
53111
52290
53129
53216
53233
53250
53258
53279
53283
53305
53341
53372
53420
53423
53445
53461
53477
53501
53516
53566
53569
53576
53623
53642
52178
53657
53707
53756
53758
53767
53768
53772
53793
53800
53807
53831
53838
53844
53845
53852
53856
53881
53882
53890
53914
53995
53997
52012
52016
52017
52034
52046
52048
52054
52060
52070
52081
52082
52101
52116
52474
52124
52135
52282
52182
52842
52209
52228
52235
52239
52246
52255
52260
52286
53214
52314
52317
52321
52331
52340
52344
52347
52363
52366
52375
53182
52376
52382
52383
52391
52410
52401
52416
52441
52454
52463
52464
52467
52498
52502
52503
52510
52512
52535
52543
52545
52564
53082
52577
52581
52593
52595
52602
52603
52606
52615
52618
52619
52628
53683
52632
52635
52636
52653
52656
52663
52690
52691
52697
52698
52700
52701
52704
52713
52721
52724
52732
52747
52750
52754
52759
52764
52772
52774
52777
53656
52778
52783
52789
52816
52827
52831
52834
52847
52861
52862
52886
52893
52894
52900
52911
52913
52919
52924
52932
52231
53174
52936
52946
52957
52959
52960
52965
52973
52304
52975
52980
53001
53054
53008
53009
53011
53012
53014
53024
53025
53026
53028
53031
53933
53912
53032
53046
53047
53384
53060
53079
53080
53087
53095
53103
53122
53123
53141
53148
53149
53153
53161
53162
53171
53181
53188
53191
53198
53200
53201
53205
52776
53211
53215
53219
53220
53226
53228
53234
53235
53240
53244
52707
53256
53260
53281
53297
53299
53306
53308
53321
53324
53325
53326
53328
53338
53373
53382
53391
52324
53396
53416
53426
53438
53442
53448
53458
53460
53347
53463
53471
53490
53491
53494
53495
53498
53503
53520
53528
53540
53543
53545
53548
53552
53553
53558
53568
53571
53574
53633
53575
53590
53596
53608
53612
53614
53615
53618
53624
53628
53629
53630
53632
53640
53643
53649
53660
53670
53671
53678
53680
53684
53695
53706
53717
53723
53728
53744
53749
53751
53754
53760
53809
53816
53829
53837
53843
53846
53857
53863
53864
53872
53873
53885
53898
53899
53902
53906
53036
53920
53926
53928
53034
53937
53940
53945
53950
53958
53963
53967
53972
53974
53990
53992
52003
52005
52021
52799
52023
52025
52033
52036
52037
52039
52042
52050
52051
52055
52057
52063
52065
52066
52069
52073
52077
52079
52086
52089
53224
52090
52093
52094
52102
52105
52106
52118
52122
52127
52204
52270
52128
52141
52352
52143
52147
52151
52158
52159
52163
52169
52187
52192
52199
52200
52205
52018
52215
52221
52226
52230
52234
52251
52253
52254
52265
52136
52274
52277
52183
52283
52285
52295
52301
52303
52979
52306
52308
53400
52325
52891
52326
52334
52337
52338
52349
52361
52362
52368
52370
52381
52385
53287
52386
52388
52394
52395
52396
52399
52408
52409
52411
52412
52414
52417
52418
52428
52433
53510
52437
52447
52449
52450
52452
52186
52459
52468
52475
52478
53217
52479
52484
52490
52492
52494
52501
52504
52505
52509
52511
52523
52525
52529
52530
52538
53976
52477
52539
52554
52941
52559
52568
52572
52575
52579
52587
52599
53412
52600
52616
52617
52629
52648
52657
52659
52664
52667
52670
52674
52676
52803
53371
52679
52693
52299
52699
52706
53257
52714
52716
52722
52733
52735
52743
52744
52745
52695
52748
52760
52763
52765
52769
52268
52770
53212
52801
52804
52805
52808
52038
52810
52819
52820
52824
52829
52830
52832
52835
52840
52843
52631
52853
52860
52865
52868
52873
52877
52879
52271
52880
52329
52898
52899
52903
52907
52908
53739
52918
52922
52926
52930
53350
52933
52937
52938
52945
52947
52948
52953
52954
52184
52902
52955
52971
52174
52974
52996
53017
53030
53033
53041
53057
53061
53065
53069
53073
53074
53075
53362
53077
52580
53084
53086
53090
53091
53093
53096
53098
53105
53113
53115
53119
53136
53142
53143
53151
53154
53156
53160
53163
53165
53168
53169
53170
53173
53177
52378
53190
53193
53194
53196
53203
53218
53225
53230
53403
53237
53259
53268
53273
53286
53292
53294
53296
53282
53312
53322
53331
53332
53342
53344
52934
53353
53358
53359
53364
53365
53366
53374
53067
53385
53389
53394
53395
53401
53239
53594
53053
53409
53425
53429
53430
53431
53435
53446
53450
53451
53452
52949
53457
53470
53476
53478
52715
53479
53485
53487
53502
53504
53506
53508
53509
53511
53514
53519
52928
53521
53538
53539
53551
53557
53562
53580
53592
53606
53607
53610
53613
52061
53620
53646
53655
52781
53659
53662
53664
53668
53669
53675
53689
53693
53694
53701
53705
53708
53709
53711
53713
53715
53727
53731
53735
53736
53738
53745
53748
52068
53750
53753
53759
53762
53764
53766
52719
53769
53774
53775
53778
53779
53780
53782
53783
53785
53791
53797
53801
53815
53818
53822
53823
53824
53825
53826
53835
53841
53842
53850
53855
52547
53860
53865
53887
53888
53889
53893
53894
53897
53904
53905
53907
53908
53909
53913
53927
53934
53935
53939
53943
53951
53952
53955
53956
53961
53962
53969
53970
53971
53978
53988
53991
53993
53994
53996
53999
52000
52001
52027
52007
52015
52029
52032
52035
52041
52044
52056
52058
52071
52072
52084
52088
52095
52049
52097
52111
52113
52114
52115
53564
53953
52117
52121
52123
52125
52132
52134
53316
52139
52150
52152
52153
52154
52156
52162
52164
52170
52992
52175
52177
52185
52190
52194
52195
52196
52201
52203
52227
52131
52207
53375
52210
52220
52229
52233
52161
52238
52240
52241
53531
52242
52247
52252
52257
52263
52429
52266
52273
52276
52279
52281
52287
52796
53638
52288
52302
52309
53018
52310
52319
52323
52327
52341
52343
52346
52348
52350
52145
52353
52354
52358
52360
52365
52369
52371
52379
52030
52380
52393
52398
52402
52407
52415
52421
52710
52424
52432
53070
52434
52438
52442
52444
52445
52453
52457
52465
52469
52342
52126
52488
52489
52493
52497
52506
52507
52508
52565
52514
52521
52524
52528
53206
53813
52532
52540
53861
52548
52549
52550
52551
52555
52558
52561
52562
52566
52567
52569
52573
52574
52576
52585
52598
53241
52608
52612
52621
52623
52626
52630
52633
52637
52639
52640
52645
52646
52651
52658
52661
52668
52678
52403
52682
52687
52694
52753
52708
52709
52431
52597
53704
52711
52720
53697
52726
52734
52739
52740
52757
52761
52582
52762
52767
52768
52773
52785
52786
52790
52792
53337
52793
52802
52809
52812
52817
52822
52825
52826
52836
52838
52839
52217
52845
52846
52849
52855
52856
52866
52870
52871
52874
52091
52876
52883
52890
52892
52307
52895
52905
52909
52910
52912
52927
53536
52931
52951
52961
52966
52968
52981
52982
52983
52986
52990
52995
52999
53000
53002
53004
53005
52316
53019
53021
53023
53029
53035
53048
53050
53058
53064
53076
53088
53089
53097
53099
53100
53109
53110
53116
53125
53128
53588
53132
53135
53137
53138
53140
53016
53144
52897
53147
53164
52944
53180
53184
53185
53186
53192
53195
53197
53199
53405
53208
53221
52500
53223
53229
53232
53238
52610
53245
53248
53251
53253
53254
53255
53261
53262
53264
53266
53269
53276
53277
53278
53284
53288
53289
53298
53304
53311
53112
53313
53323
53327
53329
52795
53345
53348
53349
53352
53355
52685
53376
53377
53379
53380
53386
53692
52333
53399
53392
53414
53422
53428
53434
53436
53443
53456
53980
53459
53472
53481
53484
53488
53489
53493
52062
53513
53526
53529
53532
53541
53542
53546
53550
53554
53559
53563
52119
53565
53567
53572
53577
52345
53581
53585
53601
53602
53603
53609
53611
53617
53621
53625
53586
53650
53652
53663
53666
53673
53674
53677
53681
53682
53407
53698
53700
53702
53710
53714
53719
53721
53722
53734
53742
53743
53747
53524
53784
53795
53796
53798
53579
53802
53812
52537
53817
53821
53827
53847
53866
53871
53876
53877
53879
53886
53891
52522
53900
53911
53915
53922
53274
53923
52560
53932
53946
53948
53949
53954
53964
53965
53966
53973
53983
53985
52008
52014
52218
52019
52009
52080
52040
52045
52052
52053
52074
52043
52096
52107
52108
52110
52129
52130
52137
52138
52160
53449
52165
52168
52173
52634
52179
53267
52180
52198
52216
52219
52223
52224
52225
52458
52206
52232
52244
52245
52249
52133
52250
52264
52267
52284
52294
52296
52705
52047
52313
52318
52322
53584
52351
52357
52372
52390
53770
52392
52556
52426
52413
52420
52914
52427
52439
52448
52456
52460
52461
52466
52472
52483
52485
52486
53227
52517
52518
52527
52534
52536
52544
52546
52552
52563
52570
52571
52578
52766
52584
52586
52589
52591
52596
52604
52609
52611
52620
52624
53497
52638
52649
52652
52665
52677
52681
52686
52688
52689
52692
52703
52718
52723
52725
52727
52729
52736
52738
52741
52751
52755
52782
52787
52788
52791
52289
53107
52024
52813
52814
52818
52841
52844
52848
52850
52854
52859
52867
52869
52872
52882
52885
52887
53155
52904
52906
52915
52916
52940
52515
53686
52942
52952
52956
52970
53068
52972
52984
52985
52987
53381
52989
52994
53003
53010
53022
53037
53043
53045
53049
53051
53052
53055
53063
52436
53072
53884
53092
53106
53120
53130
53131
53134
53139
53820
53152
53179
53204
52533
53207
53209
53210
53222
52881
53236
53252
53265
53271
53390
53931
53280
53315
53285
53290
53291
53300
53302
53303
53309
53310
53319
53335
53468
53354
53356
53078
53368
53369
52211
53383
53387
53388
53275
53397
53398
53402
52481
53406
53411
53413
53415
53433
53437
53447
53455
53464
53465
53469
53647
53482
53486
53499
53505
53512
53517
53518
53522
53523
53527
53530
52243
53535
53544
53547
53560
53810
53583
53587
53133
53591
53593
52614
53595
53604
53605
53626
53627
53634
53635
53641
53644
53651
53653
53654
53667
53679
53466
53687
53690
53703
52717
53720
53724
53957
53725
53730
53755
53757
53761
53763
53776
53777
53787
53792
53804
53246
53805
53830
53839
53840
53848
53868
53892
53910
53919
53921
53925
53929
53936
53944
53729
53959
53968
53334
53979
53984
53986
53998
52004
52020
52022
52026
52028
53636
52078
52092
52099
52109
52142
52144
52155
52166
52176
52462
52188
52189
52193
52197
52208
52212
52214
53270
52248
52261
52262
52269
52335
52339
52355
52367
52373
52384
52397
52684
52405
52422
52423
52430
52440
52451
52455
52939
52470
52473
52476
52542
52480
52487
52495
52496
52499
52513
52516
52519
52526
52553
52406
53941
52588
52590
52592
52594
53480
52601
52605
52613
52858
52642
52643
52655
52660
52666
52669
52672
52675
52702
53773
52731
52737
52752
52758
52771
52780
52784
52794
52806
52828
52851
52857
52863
52864
52875
52889
52901
52925
52950
52964
52969
52988
53006
53013
53015
53020
53040
53042
53044
53056
53066
53071
53688
53081
53101
52811
53117
53121
53124
53126
53127
53145
53157
53159
53166
53167
53172
53176
53189
53883
53247
53263
52963
52258
53293
53295
53474
53307
52148
53318
53330
53333
53467
53336
53339
53340
53343
53351
53360
53363
53367
52167
53370
53408
53419
53424
53427
53439
53378
53453
53454
53473
53314
53475
53496
53507
53515
53533
53537
53555
53570
53582
53589
53597
53619
53622
53631
52300
53661
53672
53676
53083
53691
53696
52730
53699
53726
53732
52921
53746
52400
53781
53786
53803
53806
53178
53828
53836
53849
53853
53854
53859
53867
53869
53878
53880
53249
53104
53903
53916
53917
53924
53930
53938
53942
52541
53982
53989
52002
52006
52011
52031
52815
52104
52083
52085
52098
52100
52181
52213
52222
52775
52291
52298
52312
52330
53410
52336
52359
52364
52374
52404
52425
52888
52520
52622
52662
52671
52673
52756
52797
52798
52683
52821
52896
52917
52920
52923
52991
53038
53085
53102
53114
53150
53183
53187
53272
53320
53346
52993
53393
53404
53418
53432
53440
53444
53462
52647
53790
53525
53534
53573
53578
53600
53616
53637
53639
53483
53648
53658
53685
53712
53737
53741
53765
53771
53789
53794
53799
53819
53851
53862
53874
53896
53901
53918
52120
53960
53975
53977
53981
52389
52059
52064
52067
53752
52256
52191
52202
52292
52419
52446
52471
52491
52557
52654
52696
52435
52929
52958
52977
52978
52998
53146
53421
52976
53317
53118
53158
53202
53213
53243
53808
52387
53361
53417
53441
53492
52443
53549
53598
53599
53645
53665
53716
53718
53733
53740
53814
53832
53833
53834
53858
53870
53875
53987
52275
52280
52482
52680
52728
52800
52823
52943
53039
53175
53231
53242
53301
53561
53788
53811
52967
52807
