18019
18473
18035
18061
18074
18129
18143
18148
18153
18166
18168
18173
18177
18245
18261
18463
18278
19374
18314
18415
18426
18504
18528
18556
18621
18650
18708
18713
18731
18736
18737
18836
18851
18853
18895
19420
18900
18920
18921
18923
18932
18945
18951
18998
19002
19006
19025
19029
19064
19066
19088
19092
19156
19159
19160
19167
19177
19185
19192
19202
19314
18344
19379
19402
19423
19427
19494
19503
19504
19509
19526
19531
19534
19549
19574
19588
19594
19614
19617
19647
19663
19688
19737
19755
19758
19788
19796
19799
19825
19826
19863
19878
19880
19901
19912
19781
19919
19944
19958
19963
19991
18009
18014
18029
18037
18039
18055
18059
18065
18067
19819
18069
18081
18101
18104
18110
18112
18116
18164
18137
18151
18155
18162
18169
18174
18175
18201
18202
18208
18217
18220
18223
18234
18237
18955
18241
18292
18294
18304
18305
18307
18310
18322
18333
18336
18350
18351
18366
18377
18382
18393
18398
18409
18410
18416
18417
18422
19372
18324
18424
18445
18446
18450
18454
18459
18079
18311
18468
18469
18474
18475
18031
18476
18486
18335
19174
18488
18522
18524
18529
18535
18538
18542
18543
18544
18546
18552
18560
18568
18582
19722
18583
18588
18590
18594
18598
18605
18612
18614
18619
18622
18633
18662
18676
18697
18706
18707
18720
18722
18723
18727
18742
19543
19887
19569
18746
18780
18786
18787
18790
18793
18796
18799
18805
18810
18822
18824
18098
18829
18840
18848
18849
18855
18856
18869
18873
18876
18880
18883
18889
18897
18899
18901
18906
18912
18917
18925
18929
18930
18931
18936
18943
18947
18957
18958
18128
18960
18973
18981
19008
19017
19023
19028
19040
19043
19053
19054
19056
19073
18428
19090
18089
19098
19107
19116
19120
19121
19128
19131
19145
19146
19153
19164
19170
19190
19194
19196
19205
19211
19212
19214
19227
19238
19249
19251
19253
19260
19261
19285
19290
19297
19301
19306
18320
19324
19342
19348
19351
19352
19353
19386
19389
19395
19396
19414
19417
19630
19422
19442
19444
19445
19451
19457
19461
18094
19468
19473
19480
19495
19501
19519
19524
19536
19538
19542
19554
19575
19602
19626
19629
19637
19642
19643
19655
19666
19183
19667
19677
19681
19682
19691
19695
19709
19715
19729
19744
19745
19749
19753
19754
19760
19761
18654
18894
19771
19792
19795
19801
19802
19807
19811
19812
19816
19820
19838
19844
19851
19862
19865
19884
19893
19898
19903
19907
19909
19911
19913
19930
19941
19943
19946
19947
19949
19952
19961
19972
19976
19980
19984
19989
19998
19999
18915
19407
18004
18007
18010
18015
18021
18022
18533
18024
18026
18032
18034
18036
18040
18045
18047
19660
18048
18050
18068
18071
18073
19843
18076
18078
18091
18095
18835
18102
18103
18113
18114
18115
18119
18122
18125
18126
18127
18968
18130
18132
18144
18154
18156
18158
18170
18172
18176
18178
18181
18186
18187
18191
18397
19731
18192
18203
18213
18492
18214
18222
18225
19821
18226
18230
18239
18240
18256
18260
18267
18268
18839
18272
18285
18288
18289
18295
18296
18297
18298
18299
18312
18313
18317
18319
18927
18325
18339
18352
18353
18359
18360
18371
18375
18378
18379
18385
18388
18389
18399
18400
18405
18406
18407
18408
18421
18427
18430
18539
18431
18521
18439
18448
18449
18451
18456
18457
18461
18464
19458
18465
18495
18497
18498
18503
18512
19208
18812
18515
18526
18530
18537
18548
18549
18555
18558
18561
18562
18564
18566
18575
18577
18580
18584
18585
18591
18593
18596
19775
18597
18615
18617
18623
18624
18627
18630
18631
19869
18634
18639
19412
18644
19777
18656
19152
18826
18661
18667
18670
18675
19217
18677
18687
18696
19381
18705
18716
18717
18725
18733
18735
18738
18131
18740
18745
18747
18753
18754
18757
18761
18762
18763
18765
18768
18769
18777
18778
18785
18792
18798
18801
19470
18806
18811
18814
18815
18817
19858
18818
18821
18837
18274
18841
18847
18854
18861
18879
18887
18888
18909
18911
18916
18922
18926
18935
18966
18967
18970
18977
18978
18986
18988
18996
18997
18999
19013
19016
19036
19051
19060
19061
19069
19071
19074
19075
19076
19079
19082
19083
19102
19105
19106
19111
19117
19126
19129
19133
19135
19137
19138
19140
19144
19150
19171
19173
19179
19180
19182
19184
19186
19193
19195
19197
19199
19203
19209
19221
19222
19223
19231
19233
19239
19240
19248
19263
19265
19268
19269
19270
18579
19273
19282
19284
19286
19287
19288
19289
19293
19295
19296
19309
18206
19315
19321
19327
19332
19336
19340
19343
19347
18425
19373
19375
19380
19383
19392
19393
19404
18006
19410
19830
19419
19425
19440
19441
19443
19448
19449
19459
18831
19463
19469
19482
19490
19492
19499
19508
19512
19521
19527
19533
19537
19545
19978
19548
19551
19556
19558
19559
19565
19567
19570
19576
19579
19580
19583
19584
19586
19587
19591
19596
19597
19599
19600
19601
19605
19612
19613
19616
19622
19627
19628
19631
19632
19633
19636
19639
19648
19650
18171
18684
19656
19675
19676
19678
19684
19687
19689
19701
19703
19704
18607
19710
18090
19713
19727
19728
19738
19741
19743
19747
19750
19759
19767
19770
19773
19776
19782
19784
19809
19813
19832
19833
18589
19836
19839
19846
19848
19853
19855
19857
19871
19885
19886
19891
19892
19902
19920
19921
19929
19932
19933
19934
19935
19936
19939
19940
19942
19953
19965
19970
19971
19973
19974
19982
19997
18001
18002
18003
18016
18017
18018
18028
18030
18038
19983
18046
18053
18060
18062
19400
18064
18084
18088
18092
19472
18097
18106
18109
18118
18121
18123
18124
18146
18150
18163
18179
18180
19708
18182
18188
19274
18194
19320
18212
18218
18219
18221
18227
18233
18236
18244
18247
18834
18249
18253
18259
18262
18263
18269
18276
18280
18286
18290
18300
18302
18308
18437
19139
18326
18331
18332
18338
18341
18345
18348
18364
18365
18367
18369
18370
18376
18383
18384
18386
18390
18391
18043
18396
18404
18411
18412
18418
19010
18419
18434
18435
18436
18440
19388
18442
19041
18460
18139
18483
18467
18485
18489
18490
18216
18500
18502
18506
18509
19022
18511
18531
18532
18025
18536
18541
18774
18550
18557
18565
18567
18573
18574
19837
18592
18671
18599
18603
18606
18610
18618
18620
19719
18641
18647
18657
18659
18663
18668
18672
18674
18679
18680
19670
18689
18690
18691
18694
19439
18695
18702
18712
18714
18719
18726
18728
18734
18741
18743
18750
18752
18756
19030
18759
18767
18776
18782
18794
18819
18823
18828
18830
18833
18838
18842
18843
18844
18845
18846
18852
18859
19914
18864
18866
18868
18878
18224
18881
18903
18910
18918
18330
18928
18934
18939
18940
18944
18950
18265
18961
18963
18974
18984
18985
18987
18989
18990
18991
19007
19009
19012
19018
19021
19027
19033
19034
19035
19038
19046
19047
19052
19058
19059
19062
19063
19065
19068
19070
19078
19080
19084
19087
19091
19095
19099
19100
19101
19112
19113
19115
19119
19123
19125
19132
19136
19143
19147
18664
19161
19166
19175
19176
19178
19181
19672
19188
19191
19198
19200
19201
19204
18517
19210
19215
19216
18686
19220
19224
19226
19230
19232
19234
18207
19236
19252
19937
19257
19266
19267
19272
19276
19280
19283
19294
19298
19299
19300
19302
19304
19305
19307
19310
19311
19313
19316
19317
19330
19337
19339
19354
19356
19359
19361
19365
19367
19369
19384
18924
19387
19401
19405
19408
19409
19411
18651
19416
19424
19426
19430
19435
19446
19447
19455
19465
19471
19474
19476
19477
19479
19484
19486
19487
19489
19491
19493
19497
19500
19510
19514
19520
19522
19539
19540
19552
19553
19557
19561
19562
19563
19564
19585
19590
19593
19595
19247
19603
19610
19621
19623
19624
19634
19640
19645
19651
19653
19654
19659
18499
19662
19668
19671
19673
19683
19686
19697
19698
19702
19705
18784
19716
19721
19723
19724
19725
19748
19757
19762
19764
19765
19768
19769
19774
19779
19925
19783
19454
19785
19797
19798
19800
19804
18075
19828
18729
18907
19835
19842
18077
19845
19847
19850
19852
19854
19856
19860
19864
19866
19867
19868
19872
19877
19881
19889
19890
19900
19904
19905
19908
18865
19915
19916
19922
19924
19928
19938
19950
19957
19959
19964
19966
19967
19975
19977
19992
18277
19994
18000
18008
18323
18011
18020
18402
18044
18052
18054
18056
18063
18070
18072
18082
18083
18085
19103
19720
18093
18096
18107
18111
19607
18117
18744
18136
19000
18477
18142
18145
18147
18152
18157
18160
18161
19664
18184
18189
18193
18196
18209
18211
18215
18231
19055
18232
18242
18243
18246
18248
18250
18252
18257
18258
18266
18270
18275
19995
18282
18306
18309
18315
19331
18321
18013
19011
18327
18337
18340
18342
18343
18354
18355
18356
18358
18368
18372
18373
18380
18394
18395
18413
18420
18423
19097
18438
18525
18443
18455
18470
18478
19897
18491
19665
18513
18514
18516
18520
18523
18453
18527
18534
18540
18551
18576
18578
18587
19547
18595
18604
19712
18608
18609
19019
18611
18626
18629
18632
18636
18640
18673
18678
18683
18693
18698
18701
18710
18715
18739
18748
18758
18766
18772
18773
18554
18781
18643
18789
18791
18795
18800
18809
18813
18816
18825
18832
18251
18857
18858
18860
18862
18863
18867
18870
18872
18874
18877
18885
18886
18898
18905
18913
18005
18938
18941
19829
18953
18956
18959
18962
18964
18969
18975
18976
18980
18983
18993
18995
19024
18760
19032
19045
18238
19067
19072
19077
19086
19096
19104
19108
19109
19114
19122
19127
19134
18328
19149
19154
19155
19157
19158
19162
19168
19172
18444
19187
19206
19213
19219
19225
19228
19237
19242
19245
19246
19254
19255
19262
19264
19277
19291
19292
19303
19308
19312
19460
19319
19326
19368
19334
19349
19362
19364
19366
18581
19345
19604
19398
19406
19415
19418
19421
19433
19434
19438
18700
19450
19452
19453
19608
19789
19322
19462
19466
18807
19478
19481
19483
19485
19488
19496
19498
19502
19507
19772
19511
19515
19517
19525
19528
19532
19535
19546
18764
19577
19578
19456
19611
19615
19618
19620
19429
19638
19646
18432
19652
19669
18616
19679
19693
19700
19706
19718
19726
18023
19733
19736
19739
19742
19746
19752
19756
19766
18613
19787
19803
19805
19806
19814
19822
19824
19834
19840
18820
19861
18635
19870
19874
19876
19882
19883
19894
19896
19899
19918
19923
19926
19927
19931
19945
19951
19960
19969
19550
19986
19987
19990
19996
18012
19734
18481
18041
19817
18042
18105
18133
18134
18135
18149
18165
18167
18185
18190
18199
18200
19089
18205
18235
18254
18264
18281
18283
18284
18518
18287
18293
18301
18303
18316
18318
18329
18496
18346
18349
18361
18362
18890
18363
18197
18401
18403
18414
18429
18447
18452
18479
18493
18505
18507
18086
18508
18545
19278
18547
18571
19390
19377
19680
18628
18638
18642
18645
18653
18658
18660
18665
18669
18682
18685
18699
18709
18718
18721
18724
19831
18730
18751
18770
18779
18783
18797
18802
19394
18803
19582
18519
18827
18884
18891
18892
19790
18896
18904
18908
18914
18933
18942
19329
18946
18952
18979
19793
18992
18141
19003
19004
19005
18334
19014
19015
18625
18291
19031
19042
19020
19048
19050
19081
19085
18210
19110
19130
19141
19169
19218
19235
19244
19250
19258
19271
19328
18949
19333
19335
19338
19341
19350
19355
19363
19376
19378
19382
18601
19391
18080
19413
18480
18902
19464
19518
18600
19560
19571
19572
19573
19581
18666
19589
18120
19625
19641
19649
18049
19674
19690
19692
19707
19711
19714
19717
18586
19735
19740
19751
19778
19786
19993
19791
19818
19823
19841
19859
19873
19875
19879
19910
19917
19259
19948
19956
19979
19988
18027
18033
18066
18510
18138
18140
19243
18228
18255
18271
18279
18347
18471
18472
18482
18484
18501
19661
18553
18559
18570
18572
18646
18648
18681
18688
18704
18732
18775
18788
18850
18871
18882
18937
18948
18965
18971
18972
19001
18433
19049
19026
19037
19039
18462
19044
18392
19093
19124
19142
19151
19163
19189
19229
19241
19606
19275
19318
19344
19360
19371
18711
19397
19403
19428
19431
19436
19437
19506
19530
19541
18749
19555
19568
19592
19399
19609
19644
19658
19699
18183
19730
19732
19763
19513
19780
18994
19794
19815
18100
19827
18954
19849
18755
19888
19895
19906
19955
19962
19968
19810
18057
18087
18099
18159
18195
18374
18381
18387
18487
18649
18652
18703
18771
18875
19148
19094
18982
19057
19118
18808
19207
18204
18569
19281
19323
19357
19358
19370
19385
19505
19523
19529
19544
19598
19635
19685
19694
19696
19808
18229
19954
19981
18051
18466
18273
18357
18441
18637
18655
18602
18692
18804
19467
19516
18919
19165
19256
19325
19346
19475
19657
18198
18494
19985
18058
18108
18893
18563
19279
18458
19432
