68007
68562
68050
68075
68081
68083
68103
68111
68115
68125
68179
68190
68214
68258
68346
68353
68306
68358
68397
68426
68450
68481
68525
68526
68553
69185
68564
68579
68601
68607
69261
68638
68651
68659
68683
68693
68695
68711
68720
68738
68749
68760
68791
68794
68797
68820
68841
68848
68880
68894
68902
68926
68927
68941
68948
68966
68967
68982
68984
69018
69028
69033
69037
69088
69114
69149
69417
69164
69242
69245
69257
69287
69294
69312
69319
69331
69340
69367
69394
69396
69404
69408
69456
69462
69484
69497
69521
69528
69545
69579
69588
69635
69962
68897
69648
69727
69731
69738
69740
69742
69750
69780
69206
69803
69838
69867
69600
69882
69925
69975
69977
69999
68003
68004
68011
69575
68016
68023
68024
68039
68053
68054
68063
68065
68068
68078
68085
68090
68091
68093
68098
68113
68118
68119
68124
68129
68135
68144
68146
68153
68167
68173
68175
68187
68189
68198
68210
68225
68231
68247
68251
68260
68266
68271
68280
68283
68287
68292
68296
68298
68309
68331
68332
68333
69252
69570
68352
68368
68369
68379
68390
68399
68404
68410
68418
68422
68425
68437
68448
68452
68806
68453
68471
68265
68473
68480
68484
69833
69335
68492
68502
68515
68516
68518
68527
68530
68537
68543
68546
68563
68570
68574
68588
68592
68594
68949
68606
69707
68614
68630
68634
68655
68188
68662
68674
68682
68697
68701
68703
68706
68709
68712
68725
68726
68739
68753
68755
68774
69369
69828
68777
68787
68799
68803
68810
68813
68818
68824
68825
68852
68855
68856
68857
68861
68864
68874
68877
68885
68890
68893
68906
69909
68909
68928
68935
68947
68953
68964
68969
68970
68978
68986
68987
68989
68993
68995
68997
69011
69016
69020
69021
69031
69035
69044
69047
69049
69052
69062
69072
69075
68034
69077
69092
69093
69094
69095
69097
69110
69115
69124
69129
69134
69141
69145
69160
69162
69171
69176
69189
69205
69973
69207
69232
69237
69243
69244
69247
69266
69273
69275
69277
69293
69297
69301
69309
69310
69510
69316
69350
69351
69352
69353
69355
69361
69362
69365
69378
69379
69381
69395
69397
69399
69412
69414
69415
69418
69435
69440
69447
69449
69472
69479
69482
69485
69501
69519
68168
69527
69540
69547
69029
69564
69574
69577
69578
69582
69593
69597
69602
69618
69620
69622
69628
69629
69646
69660
69662
69680
69685
69686
69687
69697
68642
69705
69712
69714
69715
69734
69736
69739
69748
69751
69753
69762
69773
69778
69779
69781
69797
68586
69799
69816
69821
69822
69825
69836
69848
69850
69851
69854
69861
69864
69877
69885
69887
69901
69910
69914
69921
69928
69933
69936
69940
69942
69943
69949
69953
69961
69717
69966
69967
69970
69971
69978
69982
68006
68009
68010
68015
68018
68021
68026
68028
68033
68038
68044
68046
68479
68047
68051
68055
68771
68067
68072
68092
68099
68108
68896
68116
68122
68126
68130
68138
68141
68143
68147
68149
68865
68151
68155
68160
68171
69464
68176
68186
68523
68191
68196
68199
68201
68204
68206
68208
68211
68218
68219
68227
68233
68237
68246
69989
68249
68254
68255
68261
68262
69870
68264
68277
68279
68289
68290
68297
68136
68303
68312
68314
68315
68327
68328
68335
68337
68338
68342
68345
68347
68374
68375
68529
68386
68388
68391
68244
68392
68400
68402
68405
68408
68409
68412
68415
68416
68421
68424
68427
68430
68431
68432
68442
68444
68447
68451
68454
68455
68461
68464
68465
69495
68474
68483
68486
68487
68488
68490
69386
68496
69522
68508
68511
68513
68519
68528
68534
68542
69623
69083
68549
68561
68565
68567
68573
68581
68582
68584
68585
68590
68591
68597
68618
68626
68627
68636
69459
68639
68643
68653
68656
68657
68664
68669
68671
68673
68757
68678
68684
68689
68704
68705
68713
68721
68728
68731
68732
68733
68735
68741
68743
68759
68762
68770
68069
68795
68798
68800
68801
68804
68816
68819
68822
68826
68829
68830
68835
68836
68846
68853
68854
68859
68154
68870
68875
68882
68883
68886
68887
68888
68889
68891
68895
68899
69322
68901
68905
68911
68914
68917
68918
68924
68930
68932
68936
68608
68951
69569
68958
68974
68976
68980
68983
68994
68998
69001
69003
69007
69009
69010
69014
69017
69041
69043
69046
69057
69061
69065
69071
69073
69081
69082
69086
69098
69103
69105
69108
69109
69121
69127
69130
69135
69138
69140
69142
69143
69152
69163
69165
69172
69173
69174
69183
69203
69204
69099
68783
69214
69215
69217
69222
69223
69224
69238
69249
69253
69260
69265
69267
69268
69269
69271
69282
69284
69292
69300
69306
69326
69329
68500
69342
69347
69348
69356
69358
69360
69364
69368
69372
69376
69388
69389
69402
69403
68360
69405
69410
69411
69413
69421
69422
69423
68220
69429
69434
69437
69439
69441
68629
69443
69450
69451
69452
69455
69467
69468
69469
69474
69475
69476
69477
69481
69486
69487
69496
69500
69513
69518
69520
69532
69533
68035
69535
69553
69560
68959
69573
69581
69583
69584
68499
69586
69598
69606
69614
69640
69643
69645
69650
69652
69654
69883
69661
69670
69674
69681
69683
69692
69694
69706
69708
69709
69724
69725
69726
69733
69744
69757
69759
69761
69765
69768
69774
69776
69794
69801
69809
69812
69817
69819
69827
69832
69834
69840
68498
69841
69844
69847
69849
69857
69859
69868
69398
69872
69878
69879
69880
69669
69884
69892
69898
69902
69906
68925
69916
69917
69922
69924
69931
69935
69939
69944
69945
69957
69959
69960
69963
69968
69974
69552
69976
69992
68001
68012
68013
68025
68029
68030
68037
68040
68041
68045
68049
68052
68058
68060
68070
68071
68073
68074
68077
68079
68080
68084
68086
68088
68102
68104
68106
68107
68112
68117
68127
68128
68131
68134
68137
68140
68145
69722
68152
68159
68165
69195
68170
68178
68181
68183
68184
68185
68193
68197
68202
68205
68207
68209
68215
68216
68217
68222
68226
68228
68229
68230
68234
68235
68236
68238
69664
68239
68241
68250
68256
68257
68259
68263
68269
68270
68278
68329
68281
68284
68295
68302
68307
68308
68310
68311
68313
68316
68317
68727
68321
68323
68326
68282
68330
68334
68336
68341
68343
68344
68349
68350
68351
68354
68356
69407
68361
68363
68364
68435
68366
68381
68385
68395
68403
68406
68407
68411
68414
68434
68439
68440
68441
68449
68462
68468
68469
68475
68482
68493
69842
68506
68507
68839
68509
68387
68533
68535
68536
68538
68541
68545
69226
68547
68550
68551
68552
68062
68556
68566
68157
68569
68578
68589
68593
68596
69758
68598
68605
68609
68611
68612
68613
68619
68620
68622
68623
68625
69444
69710
68644
68646
68647
68649
68658
68814
68661
68681
68688
68692
68702
68708
68715
68719
68724
68736
68737
68742
68745
68746
68748
68751
69752
68754
68761
68763
68769
68772
68773
68788
68793
68796
68807
68812
68815
68817
68821
68833
68524
68843
68844
69060
68847
68851
68862
68868
68869
68884
68121
69723
68903
69894
68907
68912
68916
68921
68923
68929
68931
68934
68937
68938
68939
68942
68944
68952
68957
68963
68965
68971
68972
68973
68992
68996
69000
69002
69019
69023
69026
69013
69027
69034
69036
69042
69048
69050
69055
69056
68849
69063
69064
69066
69069
69074
69078
69079
69080
69084
69085
69087
69089
69101
69117
69119
69120
69136
69137
69148
69154
69155
69156
69157
69161
69167
69169
69179
69182
69186
69193
68177
69196
69200
69201
69202
69210
69213
69219
69221
68548
69227
69876
69229
69233
69997
69234
69240
69248
69251
69256
69259
68617
69262
69270
69220
69272
69285
69290
69303
69304
69311
69314
69315
68339
69317
68904
69324
69325
69327
69334
68322
69336
69343
69359
69373
69374
69377
69382
69383
69385
69390
69392
69393
69181
69420
69424
69426
69428
69438
69442
69445
69448
69453
69457
69458
68641
69460
69461
68182
69488
69490
69493
68048
69504
69506
69511
69512
69514
69515
69516
68419
69524
69255
69536
69541
69543
69544
69550
69554
69559
69563
69566
68359
69571
68019
69587
69590
69591
69595
69596
69601
69603
69604
69605
69608
69612
69616
69617
69619
68555
69625
69626
69631
69633
69634
69636
69638
69641
69642
69647
69658
69663
69665
69666
69673
69675
69676
69682
69684
69688
69690
69695
69698
69700
69701
69702
69703
68616
69711
69713
69718
69719
68158
69737
69741
69743
69745
69746
69747
69749
68679
69755
69756
69760
69763
69767
69775
69782
69783
69784
69786
69787
69791
69796
69798
69806
69932
69814
69837
69839
69845
69846
69852
69855
69856
69858
69860
69862
69866
69873
69881
69888
69890
69893
69899
69913
69918
69930
69947
69948
69956
69965
69969
69980
69983
69984
69986
69996
68005
68008
68014
68020
68022
68027
68031
68032
68042
68043
68057
68059
68558
68064
68087
68089
68097
68100
68105
68114
68686
68120
68132
68133
68139
68396
68142
68162
68163
68164
68666
68192
68194
69432
68221
68242
68243
68245
68248
68272
68275
68285
68286
68291
68299
68377
68318
68319
68324
68325
68340
68348
68355
68362
68365
68367
68371
68372
68373
68082
68393
68420
68429
68436
68456
68458
68459
68466
68476
68478
68495
68497
68504
68512
68532
68539
68560
68568
68572
68583
68603
68610
68615
68621
68628
68637
68648
68652
68654
68660
68663
68667
68670
68672
68123
68687
68690
68694
68698
68714
68716
68718
69338
68730
68747
68750
68756
68765
68767
68768
68775
68781
68782
68789
68792
68802
68463
68837
68838
68842
68866
68867
68873
68876
68878
68881
68892
68898
68920
68940
68946
68954
68956
68962
68975
68979
68981
68988
69004
69005
69008
69012
69015
69022
69565
69039
69045
69067
69070
69076
68557
69102
69104
69106
69107
69111
69118
69125
69126
69128
69132
69133
69139
69147
69150
69151
69153
69159
69166
69177
69178
69184
69187
69188
69191
69194
69208
69211
69218
69228
69230
69235
69236
69250
68357
69539
68645
69276
69279
69280
69281
69286
69288
69295
69296
69298
69305
69307
69308
69313
69321
69330
69332
69333
69337
69341
69344
69346
68036
69354
68417
68778
69391
69874
69843
69621
69401
69427
69431
69436
69463
69466
69470
69471
69473
69478
68514
69489
69503
69507
69508
69509
68510
69523
69526
69529
69530
69531
69534
69537
69542
69548
69558
69561
69562
69568
69589
69594
69599
69607
69609
69610
69611
69615
69627
69632
69637
69639
69668
69672
69689
69696
69699
69704
69716
69720
69728
69729
69730
69735
69754
68600
69764
69769
69777
69785
69197
69790
69556
69804
69807
69808
69810
69818
69823
69824
69835
69865
69869
69871
69896
69897
69903
69904
69905
69912
69920
69927
69938
69941
69853
69950
69954
69958
69972
69979
69987
69991
69994
69995
69998
68000
69551
69357
68017
68061
68110
68304
68148
68150
69538
68174
68212
68213
68223
68224
68232
68398
68477
68274
68288
68301
68305
68382
68394
68413
69525
68423
68428
68378
68438
68443
68445
68446
68457
68485
69793
68489
68521
68522
68531
68554
68571
68576
69813
68945
68595
68632
68640
68650
68668
68675
68676
68685
68691
68710
68717
68758
68764
68786
68808
68809
68811
68922
68680
68828
68832
68834
68840
68850
68858
68871
68913
68919
68599
68950
68955
68961
68968
68977
69572
68990
69040
69059
69212
69100
69112
69122
69123
69131
69144
69146
69168
69175
69180
68577
69190
69800
69199
69216
69274
69246
69254
69264
69289
69299
69320
69323
69345
69349
69363
69375
69380
69384
68501
69400
69409
69425
69430
69446
69465
69283
69498
69505
69517
69549
69988
69805
69557
69567
68991
69576
69585
69919
69644
69655
69657
68240
69671
69678
69691
69770
69789
69792
69815
69820
69826
69830
69952
68267
69875
69231
69889
69891
68908
68910
69895
69923
69926
69929
69831
69951
69964
69209
69993
68575
69090
68066
68101
68109
68166
68172
68180
68200
68203
68253
68268
68293
68294
68300
68320
68376
68380
68383
68389
69030
69387
68460
68467
68470
69592
68503
68505
69492
68517
68520
68544
68559
68604
68624
68633
68665
68677
68696
68700
68722
68723
68734
68740
68744
68766
68790
68805
68831
68860
68863
68872
68879
68900
69915
68915
68823
68985
68999
69006
69032
69025
69038
69053
69054
69058
69068
69091
69096
69116
69158
69192
69198
69225
69241
69258
69502
69291
69328
69366
69419
69433
69454
69499
69546
69555
69580
69613
69651
69653
69656
69667
69677
69679
69772
69788
68494
69886
69907
69911
69946
69955
69981
69985
69990
69239
68056
68076
68096
68156
68161
68273
69318
68472
68195
68587
69263
68631
68707
68729
68752
68779
68780
68784
68785
68827
68845
68943
69024
68433
69051
69113
69170
69278
69302
69483
69494
69630
69649
69659
69771
68491
69795
69811
69829
69406
69900
69908
69934
69937
68094
68169
68276
68370
68540
68580
68602
68635
68699
68776
68933
68960
69863
69370
69480
69491
69339
69416
69624
69721
69732
69766
69371
68002
68095
68384
68401
69802
