30011
31282
30052
30058
30061
30078
30081
30109
30114
30116
30120
30135
30164
30195
30242
30339
30351
30353
30396
30404
30411
30439
30454
30458
30473
31504
30153
30507
30599
30600
30603
30607
30612
30614
30688
30728
30730
30769
30773
30803
30834
30869
30902
30916
30936
30941
30703
30943
30957
30966
30981
31000
31011
31037
31066
31070
31103
31104
31113
31117
31158
31218
31243
31246
31260
31261
31276
31293
31306
31333
31355
31389
31393
31432
31466
31482
30965
31500
31563
31594
31660
31678
31741
31743
31760
31764
31768
31775
31800
31825
31837
31855
31867
31877
31886
31978
31991
31980
30007
30022
30028
30047
30049
30050
30051
30057
30059
30072
30083
30084
30094
30115
30118
30121
30127
31546
30140
30147
30149
30151
30154
30159
30161
30165
30166
30168
30171
30173
30180
30189
30191
30214
30217
30218
30950
30221
30239
30243
30292
30246
30253
30263
30265
30271
30279
31669
30282
30299
30305
30310
30316
30330
30334
30340
30343
31093
30348
30354
30358
30369
30371
30375
30378
31041
30382
30389
30390
30392
30399
30401
30405
30410
30415
30421
30427
30792
30430
30433
30448
30472
30474
30481
30485
30486
30493
30512
30513
30517
30523
30527
30529
30549
30551
30553
30566
30587
30604
31677
30615
30626
30630
30570
30634
30653
30654
30658
30662
30666
31714
30668
30677
30697
30699
30725
30729
30731
30735
30808
30736
30763
30764
30768
30780
30501
30820
30830
30412
30836
30847
30973
30854
30861
30875
30894
30895
30914
30919
30920
30921
30937
30939
30940
30945
30953
30960
30970
30978
31122
30985
30996
31001
31005
31007
31008
31015
31017
31024
31030
31034
31035
31038
31059
31061
31062
31063
31064
31069
31075
31077
31081
31095
31108
31118
31127
31667
31132
31139
31142
31146
31155
31161
31180
31186
30560
31193
31279
31205
31213
31214
31197
31222
31228
31231
31235
31237
31238
31242
31251
31256
31270
31284
31288
31302
31307
31310
31318
31326
31334
31340
31350
31376
31377
31378
31384
31386
31387
31398
31403
31409
31410
31414
31428
31429
31438
31446
31455
31457
31458
31470
31473
31474
31489
31492
31493
31502
31503
31505
31508
31516
31521
31539
31541
31547
31548
31556
31558
31559
31573
31582
31599
30904
30644
31603
31614
31616
31617
31618
31619
31630
31632
31635
31647
31651
31656
31664
31666
31670
31674
31691
31699
31554
31701
31720
31727
31737
31742
31755
31785
31792
31801
31807
31814
30131
31856
31863
31876
31883
31894
31901
31913
31914
31926
31929
31933
31946
31947
31953
31955
31961
31966
31973
30010
31983
31988
31999
30002
30004
30006
30008
30013
30014
30019
30023
30031
30035
30039
30060
30064
30077
30080
30082
30099
30106
30117
31780
30122
30130
30133
30137
30139
30141
30162
31646
30179
30187
30193
30197
30206
30209
30227
30231
30234
30235
30240
30241
30249
30250
30254
30258
30259
30261
30264
30182
30267
30270
30273
30275
30284
30296
30302
30304
30713
30314
30317
30321
30322
30323
30325
30333
30337
30338
30342
30344
30361
30363
30366
30368
30370
30373
30386
30402
30408
30346
30419
30423
30425
30436
30440
30444
30464
30468
30470
30475
30479
30482
30484
30488
30494
30502
30508
30511
30520
30528
30534
30535
30536
30538
30539
30544
30554
30556
30557
30559
30561
30645
30572
30576
30583
30594
30596
30601
30602
30611
30616
30618
30620
30622
30623
30627
30631
30637
30641
30642
30649
30657
30659
30661
30669
30670
30672
30674
30683
30684
30689
30690
31402
30696
30704
30706
30711
30715
30717
30719
30721
30722
30727
30738
30739
31802
30740
30747
30759
30762
30774
30777
30778
30779
30784
30797
30799
30801
30806
30807
30737
30809
30810
30815
30817
30818
30823
30832
30841
30843
30851
30853
30849
30855
30863
30866
30868
30870
30871
30876
30878
30880
30881
30883
30886
31797
30897
30839
30911
30922
30924
30925
30926
31084
30932
30938
30949
30228
30951
30952
30955
31907
30964
30982
30983
30987
30991
30993
31004
31783
31012
31020
31022
31025
31028
31032
31036
31039
31040
30383
31044
31045
31046
31054
31055
31056
31057
31060
31065
31067
31074
31086
31088
31090
30352
31097
31107
31112
31121
31124
31130
31151
31154
31166
31169
31171
31172
31174
31181
31182
31183
31189
31191
31192
31194
31195
31202
31203
31210
31212
31215
31220
31221
31224
31924
31225
31234
31239
31245
31253
31266
31255
31271
31274
31275
31286
31290
31300
31301
31315
31319
31321
31325
31331
31343
31358
31362
31370
31381
31383
31385
31388
31395
31401
31404
31405
31406
31407
31415
31418
31421
31422
31423
31426
31866
31427
31439
31440
31460
31461
31465
31468
31476
31481
31486
31491
31499
31509
31512
31517
31520
31527
31532
31533
31534
31537
31538
31544
31551
31565
31571
31581
31588
31598
31601
31602
31627
31628
30770
31629
31641
31642
31644
31648
31654
31658
31662
31133
31673
31679
31681
31688
31689
31694
31695
31696
31700
31702
31703
31704
31607
31710
31713
31719
31721
31722
31724
31726
31728
31732
31738
31748
31749
31750
31759
31761
31766
31770
31774
31779
31782
30364
31787
31795
31817
31821
31824
31828
31831
31843
31851
31860
31864
30575
31875
31671
31884
31887
31042
31889
31904
31906
30979
31908
31915
31917
31919
31920
31932
31937
31938
31939
31943
31948
31951
31954
31963
31967
31971
31996
30000
30001
30005
30017
30020
30558
30021
30025
30027
30032
30034
30036
30037
30041
30054
30062
30065
30066
30068
30076
30086
30088
30092
30096
30100
30102
30608
30108
30119
30124
30128
30134
30136
30145
30146
30406
30150
30584
30155
30157
30160
30163
30169
30172
30176
31495
30181
30190
30194
30196
30200
30201
30202
30203
30205
30211
30212
30219
30222
30226
30229
30237
30238
30247
30251
30257
30269
30276
30277
30278
30285
30287
30288
30663
31367
30252
31141
30307
30311
30319
30320
31094
30327
30345
30349
30350
30359
30362
30367
30376
30379
30381
30394
30550
30395
30403
30407
30409
30838
30413
31048
30418
30428
30437
30441
30442
30445
30450
30452
30453
30461
30463
30467
30471
30480
30490
30491
30492
30495
30496
30497
30498
30499
30503
30504
30509
30514
30518
30532
30540
30545
30546
30547
31198
30563
30567
30571
30574
30887
31878
30578
30582
30586
30588
30593
30597
30605
30111
30609
30613
30632
31442
30635
30665
30676
30680
30681
30682
30693
30698
30700
30702
30705
30707
30708
30710
30315
30714
30716
30723
30794
30726
30743
30757
30760
30692
31872
30761
30772
30776
30024
30783
30912
30787
30793
30802
31252
31109
31962
30804
30831
30833
30835
30837
30917
30844
30845
30846
30848
30850
30857
30862
30867
30872
30888
30889
30892
30893
30900
30901
30909
30790
30915
30928
30944
30958
30963
31806
30969
30972
30860
30976
30977
30994
30995
30999
31003
31006
31010
31013
31016
31731
31019
31026
31781
31027
31047
31049
31050
31052
31068
31072
31076
31080
31083
31089
31091
31098
31105
31110
31115
31116
31120
31125
31126
31128
31131
31134
31135
31138
31145
31148
31150
31157
31160
31165
31167
31168
31173
31176
31177
31178
31179
31184
31188
31190
31196
31201
31207
31208
31211
31217
31233
31236
31241
31247
31248
31249
30840
31263
31922
31269
31278
31281
31285
31289
31291
31294
31569
31295
31297
31298
31308
31309
31311
31312
31314
31316
31320
31327
31328
31329
30948
31332
31339
31342
31345
31347
31348
31357
31363
31364
31366
31368
31369
31371
31379
31382
31396
31399
31400
30701
31411
31420
31435
31445
31449
31452
31453
31454
31456
31459
31463
31469
31472
31478
31484
31485
31487
30186
31497
31510
31511
31514
31518
31523
31526
31529
31531
31540
31542
31543
31550
31162
31555
31564
31567
31568
31570
31572
31579
31408
31587
31591
31597
31606
31711
31608
31613
31615
31621
31624
31637
31638
31652
31655
31659
31665
31672
31675
30625
31680
31682
31685
31687
31690
31693
31697
31706
31707
31708
31709
31715
31424
31716
31021
31733
31744
31746
30372
31753
30174
31758
31767
31773
31777
31029
31018
31784
31786
31796
31798
31803
31804
31805
30971
31816
31818
31819
31823
31826
31830
31833
31834
31838
31841
31842
31845
31847
31850
31854
31861
31870
31871
31879
31882
31888
31891
31896
31905
31921
31923
31925
31609
31927
31941
31956
31957
31964
31965
31968
31970
31972
31498
31975
31981
31984
31992
31993
31998
30003
30009
30012
30016
30018
30029
30033
30038
30040
30043
30048
30053
30055
30056
30073
30075
30079
30087
30090
30091
30093
30097
30103
30104
30105
30110
30113
30125
30129
31862
30138
30143
30148
31718
30158
30177
30183
30185
30188
30192
30198
30199
30204
30207
30208
30215
30224
30825
30233
30245
30248
30260
30262
30280
30281
30283
30286
30289
30291
30293
30300
30308
30312
30313
30324
30326
30328
30329
30331
30335
30336
30422
30347
30592
30355
30357
30360
31788
30385
30387
30874
30388
30416
31280
30417
30432
30438
30449
30455
30459
30465
30466
30469
30476
30489
30500
30515
30524
30530
30533
30552
30555
30562
30564
30573
30579
30585
30589
30590
30356
30595
30598
30617
30624
31976
30628
30636
30648
30656
30660
30667
30685
30686
30691
30766
30694
30709
30718
30724
30733
30734
30742
30749
30750
30751
30754
30755
30756
30758
30765
30781
30782
30789
30791
30741
30795
30800
30811
30812
30813
30178
30819
30827
31264
30859
30865
30879
30788
30882
30918
30890
30906
30907
31562
30913
30923
30927
30929
30933
30946
30954
30959
30962
30967
30968
30974
30380
30975
30988
30990
30992
31002
31009
31033
31043
31053
31079
30934
31087
31092
30332
31096
31099
31100
31101
31106
31119
30989
31129
31136
31144
31147
31153
31164
31175
31226
31200
31206
31216
31227
31240
31254
31258
31259
31262
31265
31268
31267
31272
31209
31283
31287
31304
31305
31313
31323
31324
31338
31344
31346
31352
31353
31359
31365
31372
31394
31413
31419
31730
31430
31431
31434
31447
31451
31330
31464
31471
31480
31577
31483
31494
31496
30633
31501
30581
31507
30210
31522
31528
31989
31535
31553
31705
31560
31561
31566
31574
31580
31078
31584
31592
31593
31595
31596
31604
31610
31623
31625
31626
31640
30268
31668
30297
31885
31683
31684
31698
30673
31717
31723
31881
31729
31745
31747
31752
31763
31765
31769
31772
31776
30126
31790
31793
31794
30905
31808
31810
31811
31812
31815
31829
31832
31835
31839
31846
31852
30426
31857
31869
31874
31880
31734
31890
31893
30398
31899
31902
31903
31911
31912
31916
31918
31232
30303
31944
31960
30244
31969
31974
30144
31990
31994
30015
30042
31900
30044
30063
30070
30067
30071
30074
30085
30400
30098
30123
30156
30167
30170
31762
30213
30216
30220
31292
30223
30236
30266
30272
30274
30301
30365
30374
30377
30384
30391
30393
30414
30420
30434
30435
30443
30457
30487
30828
30505
30510
30516
30519
30521
30526
30531
30537
30542
30397
30785
30565
30569
30580
30591
30610
30619
30629
30639
30643
31611
30651
30655
30295
30671
30675
30679
30687
30720
30748
30829
30752
30775
30786
30885
30431
30796
30798
30814
30826
31631
30852
30856
30864
30873
30152
30891
30898
30903
31605
30910
30899
30935
30961
31530
30984
30997
30998
31014
31031
30424
31051
31058
31073
31085
31111
31114
31123
31140
31143
31149
31152
31159
31163
31185
31187
31199
31219
31229
31515
31230
30225
31557
31299
31322
31341
31354
31356
31360
31361
31958
31374
31390
31391
31392
31397
31590
31412
31437
31443
31444
31448
31450
31488
31250
31519
31525
31536
31545
31552
31490
31273
31936
31620
31622
31633
31634
31636
31639
31649
31653
31657
31676
31686
31725
31735
31736
31740
31754
31771
31778
31789
31791
31799
31820
31822
31827
31836
31840
31844
31848
31849
31865
31433
31868
30767
31892
31909
31910
31277
31930
31931
31934
31935
31940
31949
31952
31982
31987
31995
31997
30030
30069
30089
30101
30821
30184
30230
31898
30232
30256
30290
30298
30306
30986
30107
30456
30460
30462
30478
30506
30522
30541
30543
30548
30621
30650
30678
30947
30712
30732
30745
30753
30771
30824
30842
30858
30877
30884
30577
30896
30930
30931
31335
30956
31023
31071
31585
31102
30309
31170
31204
30429
31317
31467
31337
31349
31351
31373
31375
31380
31416
31417
31425
31441
31462
31475
31477
31479
31513
31303
31296
31575
31578
31583
31589
31600
31643
31650
31661
31692
31712
30175
31751
31756
30746
31813
31873
31897
31928
31942
31977
31979
30026
30112
30142
31524
30294
30341
31757
30046
30451
30477
30483
30568
30638
30640
30646
30664
30695
30744
30908
30980
31895
31082
31156
31223
31257
31612
31336
30652
31506
31549
31576
31586
31645
31663
31739
31853
31859
30255
31945
31950
31959
31985
31986
30045
30132
31858
30446
30447
30525
30805
31137
30942
31244
30816
31436
31809
30095
30318
30647
