54051
54928
54078
54080
54095
54138
54145
54181
54198
54228
54256
54267
54305
54307
54309
54383
54404
54414
54481
54486
54492
54494
54527
54535
54599
54606
54642
55229
54650
54690
54707
54728
54749
54763
54772
54779
54802
54854
54878
54919
54929
54957
54966
54978
54989
55044
55061
55084
55392
55086
55159
55648
55186
54664
55242
55259
55264
55277
55294
55307
55315
55327
55340
55383
55386
55417
55421
55427
55459
55480
55488
55507
55561
55563
55633
55641
55645
55650
54514
55656
55700
55705
55712
55729
55752
55795
55799
55801
55824
55828
55849
55870
55896
55908
55922
55940
55947
55954
55958
55970
54390
55975
54021
54031
54033
54036
54044
54050
54053
54056
54906
54058
54061
54069
54072
54076
54093
54099
54102
54109
54117
54130
54151
54156
54165
54172
54174
54179
54180
54182
54240
54186
54201
54203
54659
54207
54209
54212
54215
54223
54224
54227
54231
54194
54262
54263
54264
54266
54271
54276
54277
54290
54297
54320
54325
54341
54347
54349
54354
54356
54358
54366
54372
54378
54011
54395
54405
54407
54413
54415
54420
54437
54635
54440
54454
54455
54456
54462
54463
54467
54474
54476
54483
54497
54508
54512
54519
54520
54524
54525
54531
54533
54536
54537
54546
54549
54550
54562
54572
54580
54582
54583
54592
54594
54604
54607
54608
54609
54610
54612
54632
54646
54649
54653
54656
55983
54658
54669
54670
54677
54686
54692
54709
54710
54722
54729
54737
54738
54741
54747
54748
54754
54755
55453
54764
54789
54250
54791
54819
54829
54834
54867
54868
54872
54901
54903
54904
54614
54910
54924
54927
54934
54935
54961
54971
54982
54986
54994
54998
54999
55001
55008
55018
55019
55021
55022
55024
55028
55030
55037
55039
55041
55046
54164
55047
55060
55062
55064
55066
55073
55075
55079
55092
55102
55114
55130
55132
55137
55141
55143
55144
55151
55166
55171
55173
55174
55181
55190
55204
55210
55233
55241
55255
55265
55274
55291
55295
55300
55308
55320
55321
55325
55328
55329
55331
55332
55635
55335
55346
55355
55365
55366
55372
55376
55377
55379
55393
55397
55403
55422
55425
55429
55444
55455
55457
55463
55466
54760
55473
55765
55495
54348
55510
55515
55522
55535
55538
55548
55553
55554
55555
55560
55568
55577
55581
55594
55599
55600
55601
55613
55614
55615
55622
55626
55636
55639
55643
55195
55358
55556
55651
55655
55664
55673
55678
55686
54005
55706
55718
55720
55725
55727
55730
55731
55742
55743
55754
55755
55761
55763
55779
55787
55791
55797
55798
55806
55807
55808
55812
55813
55826
55829
55830
55834
55839
55842
55843
55844
55847
55854
55859
55871
55872
55882
55897
55526
55905
55911
55920
55924
55933
55939
55964
55981
54665
55990
55996
55997
54006
54008
54018
54019
54023
54024
54027
54028
54037
55667
54038
54047
55390
54048
55660
54055
54063
54067
54068
54071
55972
54086
54100
54105
54107
54108
54110
54114
54121
54790
54126
54132
54148
54153
54154
54157
54159
54163
55059
54166
54167
54168
54170
54171
54175
54183
54185
54187
54192
54197
54199
54205
54206
54210
54221
54235
54237
54246
54337
54247
54254
54257
54259
54260
54268
54273
54281
54282
54284
54285
54288
54291
54293
54299
54304
54314
54317
54318
54319
54326
54334
54253
54342
54343
55497
54345
55921
54350
54352
55737
54355
54360
54363
54370
54375
54377
54385
54388
54389
54392
54401
54416
54418
54421
54423
54428
54429
54430
54434
54439
54444
54446
54449
54450
54453
54468
54473
54475
54482
54484
55213
54778
54490
54502
54504
54196
54505
54511
54516
54522
54523
54539
54541
54545
55451
55200
54553
54560
54566
54567
54568
54575
54576
54977
54579
54586
54597
54598
54611
54618
54619
54620
54626
54627
54629
54641
54645
54651
54652
54655
54662
54668
54671
54673
54678
54681
54683
54684
54685
54696
54701
54713
54716
54719
54726
54730
54739
54743
54746
54751
54757
54759
54761
54775
54500
54782
54783
54787
54788
54793
54796
54798
54804
54806
54810
54441
54315
54813
54827
54832
54835
54837
54842
54845
54846
54858
54860
54880
54881
54896
54898
54905
54908
54909
54911
54913
54914
54926
54932
54943
54944
54948
54950
54954
54956
54965
54973
54979
54985
54493
54992
54663
54997
55005
55014
55029
54098
55032
55049
55055
55071
55087
55906
55088
55095
55099
55106
55108
55109
55111
55126
55134
55138
55142
55153
55157
55158
55160
55168
55170
55172
54096
55177
55184
55188
55198
55199
54780
54361
55205
55214
55216
55218
55219
55333
55220
55236
55240
55243
55244
55245
55246
55248
55250
55257
55263
55267
55270
55271
55276
55279
55281
55282
55284
55289
55292
55297
55298
55302
55309
55311
55316
55319
55324
55336
55338
55353
55360
55369
55373
55374
55638
55375
55382
55149
55394
55396
55400
55410
55413
55415
55416
55420
55426
54930
55428
55435
55437
55441
55448
54555
55452
55458
55465
55484
55489
55491
55493
55494
55499
55502
55505
54133
54700
55506
55516
55519
55520
55521
55523
54120
55525
55536
55539
55541
55545
55550
55653
55557
55558
55570
55571
55573
55576
55580
55583
55588
55589
55591
55596
55610
55629
55337
55637
55640
55657
55665
55666
54040
55674
55680
55688
55709
55714
55715
55723
55728
55736
55740
55747
55757
55759
55768
55770
55772
55781
55782
55741
55783
55804
55815
55816
55821
55835
55837
55838
55850
55852
55865
55867
55879
55895
55913
55035
55916
55919
55923
55925
55926
55930
55934
55938
55942
55943
55945
55794
55946
55950
55956
55962
55963
55965
55976
55977
55987
54003
55711
54014
54015
54016
54020
54030
54034
54039
54042
54060
54070
54073
54077
54081
54084
54087
54088
54089
54091
54097
54113
54115
55918
54118
54125
54129
54131
55508
54134
54135
54137
54141
54144
54149
54150
54155
54176
54177
54184
54188
54189
54190
54507
54202
54204
54213
54216
54217
54218
54219
54222
54229
54230
54242
54251
54258
54270
55165
54278
54287
54294
54295
54298
54302
54310
54477
54312
54324
54327
54330
54331
54332
54333
54335
54338
54339
54365
54367
54371
54376
54379
54382
54393
54396
54397
54408
54410
54411
54422
55261
54426
54433
54436
54438
54445
54459
54469
54472
54313
54480
54488
54495
54496
54501
54510
55669
54515
54517
54518
54521
54952
54528
54534
54540
54321
54551
54554
54561
54565
54571
54587
54588
54593
54920
54625
54633
54634
54442
54848
54636
54644
54654
54666
54674
54675
54676
54680
54682
54687
54689
54691
54694
54695
54697
54699
54702
54705
55708
54711
54717
54718
55498
54724
54727
54732
54733
54742
54752
54753
54756
55474
54768
54770
54771
54777
54786
54447
54792
55232
54799
54801
54814
54817
54820
54822
54830
54831
54839
54841
54844
54847
54849
54850
54852
54853
54857
54859
54861
54863
54866
54870
54871
54875
54876
54882
54884
54886
54887
54888
54893
54894
54895
54897
54059
54915
54916
55418
54918
54923
54931
54933
54937
54938
54939
54940
54941
54942
54945
54946
54532
54953
54955
54959
54960
54963
54967
54968
54972
54974
54585
54981
54987
54988
55007
55009
55015
55017
55020
55023
55027
55034
54122
55036
55038
55042
55045
55048
55051
55057
55069
55072
55077
55078
55080
55083
55090
55091
55093
55103
55105
55107
55113
55115
55118
55120
55121
55123
55125
55127
55129
55252
55131
55140
55145
55684
55146
55163
55164
55167
55176
55179
55194
55900
55196
54557
55206
55208
55223
55227
55627
54103
55228
54794
55249
55253
55254
55258
54432
55268
55286
55288
55290
55296
55303
55306
55312
55314
55317
55330
55322
55326
55231
55339
55342
55343
55344
55345
55348
55350
55356
55357
55364
55368
55370
55380
55381
55387
55702
55391
55401
55402
55408
55409
55411
55412
55433
55438
55442
55445
55446
55450
54765
55454
55461
55468
55470
55476
55478
55479
55481
55490
55513
54725
55501
55517
55524
55527
55529
55531
55543
55546
55547
55552
55559
55564
55572
55578
54116
55584
55611
55587
55593
55595
55597
55602
55604
55607
55590
55618
55621
55623
55624
55238
55628
55632
55634
55378
55642
55644
55647
55542
55659
55662
55663
55670
55672
55675
55676
55677
55679
55681
55682
55687
55690
55691
55693
55696
55701
55399
55704
55726
55732
55735
54357
55738
55745
55756
55722
55760
55509
55769
55771
55777
55785
55793
55948
55800
55802
55805
55809
55810
55811
55818
55823
55825
55827
55831
55832
55841
55845
55853
55861
55862
55864
55866
55869
55880
55881
55884
55885
55887
55889
55890
55894
55898
55899
55904
55089
55910
55927
55928
55936
55941
55944
55951
55953
55955
55961
55971
54094
55973
55978
55982
55988
55161
55989
55993
55995
55998
54639
55999
54007
54009
54012
54022
54026
54029
54032
54035
54736
54052
54057
54064
54065
54066
54074
54083
54085
54090
54092
55183
55040
54101
54104
54119
55006
55530
54280
54124
54142
54147
54169
54173
54195
54214
54225
54233
54234
54238
54239
54243
54803
54975
54245
54255
55012
54261
54269
54274
55986
54275
54289
54296
54300
54301
54308
54322
54328
54329
54336
54340
54344
54373
54374
54380
54391
54399
54400
54409
54412
54424
54425
54431
54443
54448
54451
54452
54460
54461
54464
54470
54478
54479
54485
54487
54489
54503
54529
54543
54544
54548
54559
54563
54569
54570
54573
54584
54600
54601
54605
54616
54628
54631
54657
54660
54661
54679
54885
54698
54706
54708
54715
54720
54721
54054
54744
54745
54762
54766
54767
54774
54784
55251
54797
54807
54808
54811
54812
54823
54825
54833
54836
54840
54843
54856
54864
54865
54889
54890
54899
54900
54902
54936
54949
55960
54958
54964
54970
54980
54983
54984
54991
54993
54123
55013
55025
55026
55033
55050
55054
55056
55058
55065
55067
55070
55082
55085
55094
55096
55098
55101
55104
55110
55112
55116
55122
55128
55136
55152
55155
55156
54128
55169
55175
55180
55182
55185
55192
55193
55201
55203
54491
55215
55222
55226
54800
55237
55247
55256
55260
55266
55272
55283
55285
55293
55313
55347
55351
55354
55424
55652
55362
55363
55367
55371
55388
55389
55405
55406
55407
55419
55431
55439
55440
55447
55460
55464
55469
55472
55846
55477
55487
55492
55503
55907
55534
54062
55551
55562
55565
55569
55579
55598
55603
55606
55609
55612
55617
55619
55620
55631
55649
54306
55671
55147
55689
55694
55697
55698
55707
55710
55721
54947
55724
55749
55751
55758
55762
55766
55767
55775
55776
55778
55931
55780
55803
55814
55817
55819
55820
55836
55855
55856
55858
55860
55863
55873
55877
55878
55883
55886
55891
55892
55893
55901
55902
55903
55654
55912
54351
55959
54962
55969
55974
55985
55991
55994
54001
54004
54010
54013
54025
54041
54043
54075
54082
55239
54106
54112
55585
54417
54136
54146
54158
54160
54162
54193
54220
54226
54241
54244
54249
54805
54286
55683
54311
54826
54323
54346
54353
54359
55212
54364
54368
54369
54381
54384
54386
54387
54394
54398
54402
54403
54406
54427
54435
55582
54457
54465
54466
54506
54530
54538
54542
54547
54556
54577
54578
54596
54603
54615
55301
54617
54630
54638
54648
54208
54667
54693
54703
54714
54731
54734
55753
54735
54758
54776
54781
54785
54248
54809
54828
54838
54851
54855
54874
54877
54704
54891
54892
54917
54922
54925
55434
55792
54969
54976
54526
54996
55011
55031
55043
55053
55063
55068
55076
55081
55097
55100
55117
55119
55124
55133
55148
55150
55154
55162
55187
55191
55202
55209
55217
55221
55225
55234
55139
55269
55273
55275
55278
55280
55287
55304
55305
55318
55323
55361
55384
55385
54049
55395
55398
55423
55359
55430
55432
55443
55449
55456
55605
55462
55475
55482
55486
55496
55500
55504
55739
55514
55533
55537
55544
55567
55574
55575
55592
55616
55630
55646
55668
55685
55703
55717
55764
55733
55734
55744
55746
55748
55750
55773
55774
55784
54471
55786
55796
55833
55485
55857
55875
55888
55197
55914
55929
55932
55949
55957
55984
54046
54139
54152
54161
54191
54236
54272
54303
55349
54316
54419
54815
55789
54498
54509
54558
54574
54581
54589
54595
54602
54613
54621
54622
54640
54643
54647
55004
54672
54688
54723
54769
54773
55207
54816
54818
54821
54869
54879
55002
55003
55178
55224
55235
55299
54623
55334
55341
55352
55404
55436
55518
55532
55540
55549
54624
55586
55625
55658
55661
55692
55699
54712
54740
55790
55822
55840
55848
55851
55868
55876
55915
55967
54921
55980
54002
54017
54045
54079
54140
54211
54232
54279
54552
54995
54499
54590
54000
55512
54750
54127
54824
54637
54862
54873
54883
54907
54912
54951
55010
54265
55052
55135
55992
55189
55230
54283
55511
54458
55467
55917
55719
55528
55874
55909
55788
55935
55937
55966
54111
54178
54200
54143
54795
54513
55000
55608
54990
55211
55262
55310
54362
55414
55471
55566
55695
55713
55952
55979
54292
54564
54591
54252
55074
55483
55716
