42008
43984
43778
42019
42023
42036
42041
42043
43081
42057
42065
42086
42118
42130
42197
42230
42235
42242
42279
42282
42296
42316
42337
42343
42350
42379
42383
42486
42053
42453
42527
42551
42562
42584
42598
42613
42660
42663
42670
42695
42700
42731
42753
42817
42824
42829
43070
42830
42835
42842
42864
42892
42909
42911
43341
42917
42940
42972
42980
43016
43075
43101
43103
43119
43154
43157
43162
43181
43204
43229
43262
43283
43325
43330
43360
43436
43439
43657
43461
43464
43519
43554
43558
43595
43651
43653
43661
43673
43690
43696
43698
43727
43736
43744
43748
43777
43797
43806
43840
43876
43880
43883
43904
43925
43934
43963
43994
43998
42006
42014
42051
42501
42054
42067
42071
42081
42085
42087
42088
42091
42099
42124
43774
42131
42141
42159
42163
42167
42179
42182
42187
42195
42216
42217
42220
42221
42237
42238
42240
42243
42252
42253
42255
42256
42261
42271
42273
42275
42277
42281
42286
42294
42301
42308
42309
42323
42351
42354
42357
42364
42370
42378
42384
42392
42398
42399
42420
42433
42437
42450
42458
42472
42484
42485
42496
42497
42498
42502
42512
42519
42524
43906
42526
42534
42537
42544
42545
42549
42560
42568
42573
42577
42578
42579
42580
42586
42592
42593
42596
42597
42604
42606
42618
42634
42643
42655
42659
42666
42668
42681
42684
42685
42686
42687
42701
42711
42712
42718
42720
42726
42728
42730
42228
42738
42746
42967
42750
42768
42772
42775
42780
42781
42784
43577
42792
42799
42800
42802
42804
42810
42820
42825
42827
42863
42876
42883
42887
42894
42903
42907
42925
42929
42931
42943
42946
42959
42962
42965
42977
42986
42990
43879
43000
43018
43032
43038
43055
43062
43067
43078
42063
43092
43094
43096
43098
43111
43127
43129
43130
43132
43137
43147
43149
42516
43155
43173
43178
43183
43188
43192
43193
43194
43195
43203
43210
43212
43216
42122
43217
43225
43227
43237
43245
43249
43256
43258
43259
43266
43299
43306
43317
43318
43321
43322
43323
43332
43718
43339
43348
43350
43355
43363
43371
43373
43378
43381
43388
43392
43395
43396
43401
43413
43419
43431
43462
43481
43483
43490
43503
43512
43521
42074
43544
43564
43576
43592
43597
43609
43622
43623
43630
42665
43632
43649
43463
43666
43682
43683
43693
43699
43701
43704
43710
43729
43738
43741
43751
43753
43768
43799
43817
43824
43828
43848
43858
43866
43868
43009
43884
43887
43900
43902
43916
43918
43935
43943
43945
43947
43948
43949
43958
43960
43972
42571
43007
42000
42013
42961
42017
42025
42027
42031
42040
42046
42059
42061
42219
43970
42064
43549
42079
42094
42100
42102
42117
42121
43223
42126
42133
42134
42136
42138
42144
42148
42153
42154
42168
42174
42175
42184
42185
42186
42190
43914
42193
42204
42209
42214
42218
42222
42224
42231
42232
42246
42248
42254
42259
42262
42264
42268
42283
42285
42292
42295
42297
42948
42299
42305
42306
42312
42313
42368
42315
42330
42331
42332
42335
42342
42346
42348
42352
42356
42362
42365
42366
42324
42376
42380
42390
42123
42396
42405
42406
42407
42408
42411
42418
42421
42423
42424
42426
42427
42428
42434
42449
42452
42455
42459
42462
42473
42475
42476
42479
42480
42483
43442
42488
42491
42504
42507
42532
43832
42536
42555
42556
42557
42559
42563
42570
42572
42576
42581
42583
42585
42587
42588
42955
42589
42608
42621
42623
42629
42631
42633
42635
42641
42644
42654
42658
42674
42680
42691
42696
43409
42697
42714
42725
42732
42735
42745
42749
42757
42762
42767
42771
42773
42796
42806
42807
42808
42814
42818
42828
42836
42839
42845
42846
42847
42851
42862
42865
42867
42868
42869
42870
42877
42878
42682
42881
42890
42893
42902
42904
42916
42920
42923
42924
42926
42927
42928
42930
42935
42947
42949
42950
42951
42760
42970
42975
42979
42982
42987
42989
43002
43008
43014
43021
43031
43034
43037
43040
43047
43049
43050
43052
43058
43061
43065
43069
43071
43074
43079
43080
43082
43093
43105
43108
43109
43118
43124
43488
43126
43139
43141
43905
43142
43144
43145
43146
43150
43151
43152
43153
43159
43167
43169
43174
43176
43182
43189
43190
43202
43205
43209
43211
43213
43233
43241
43244
43254
43255
43257
43267
43268
43281
43282
42805
43289
43300
43301
43302
43305
43320
43327
43329
43333
43338
42922
43342
43345
43358
43362
43365
42675
43367
43377
43379
43382
43384
43386
43387
43389
43390
43393
43397
43408
42015
43411
43421
43422
43427
43912
43430
43440
42490
43444
43446
43447
43449
43451
43456
43459
43468
43469
43470
43700
43480
43484
43487
43131
43497
43499
43506
43507
43513
43517
43518
43523
43526
43533
43541
43546
43553
43555
43557
43560
43561
43567
43569
43030
43574
43590
43593
43598
43602
43608
43610
43611
43612
43615
43628
43634
43179
43635
43647
43650
43658
43660
43664
43675
42554
43677
43681
43684
43685
43686
43689
43691
43692
43697
43702
43708
43709
43712
43713
43719
43720
43722
43899
43723
43725
43732
43749
43750
43752
43663
43793
43754
43761
43765
43766
43770
43780
42671
43398
43783
43792
43796
43803
43807
43811
43821
43823
43827
43829
43830
43843
43852
43865
43873
43875
43877
43882
43886
43888
43550
43893
43910
43915
43919
43922
43926
43928
43929
43930
43938
42386
43265
43940
43951
43956
43962
43964
43965
43967
43969
43974
43977
42489
43978
43981
43983
43986
42009
43417
42018
42020
42026
43976
42030
42047
42050
42056
42058
42060
42066
42744
42068
42077
42084
42096
42097
43757
42098
42106
42108
42109
42110
42115
42116
42709
42119
42139
42143
43406
42150
42157
42161
42164
42170
42177
42180
42879
42191
42203
42205
42207
42213
42215
42226
42742
42249
42250
42257
42266
42269
42280
42287
42289
42290
42291
42300
42310
43285
42311
42318
42319
42321
42322
42325
42326
42328
42336
42339
42341
42344
43851
42918
42347
42359
42360
42361
43775
42367
42393
42394
42395
42397
42403
42410
42415
42422
42429
42432
42436
42440
42444
42447
42448
42451
42461
42465
42689
42467
42474
42478
42481
42487
42493
42503
42505
42509
42514
43163
42517
42522
42535
42542
42547
42552
42558
42567
42575
42582
42590
42594
42595
42441
42599
42607
42611
42620
42622
42625
42627
42628
42375
42630
42646
42647
42652
43107
42661
42672
43716
42884
42469
42690
42693
42698
42699
42704
42705
42716
42717
42721
42723
42724
42727
43971
42734
42743
42748
42751
42759
42764
42765
42766
42769
42776
42777
42779
42789
42793
42795
42797
42801
42813
42819
42823
42833
42834
42838
42844
42848
42850
42852
42856
42857
42858
42859
42873
42875
42192
42886
42889
42891
42895
42896
42905
42906
42908
42914
42915
42921
42936
42939
42941
42944
42945
42304
42954
42602
42958
42024
42964
42966
42942
42969
42978
42981
42984
42985
42993
42996
42997
43003
43004
43010
43013
43015
43019
43618
43022
43035
43036
43041
43042
43046
43051
43053
43056
43059
43063
43066
43077
43087
43090
43095
43097
43100
43104
43785
43113
43114
43115
42992
43116
43121
43125
43135
43138
43164
43165
43917
43166
43187
43923
43191
43207
43221
43224
43231
43234
43235
43239
43243
43246
43247
43250
43252
43253
43264
43271
43272
43276
42022
43279
43273
43286
43288
43291
43292
43293
43294
43570
43297
43303
43307
43308
43309
43310
43311
43312
43314
43316
43319
43336
43340
43343
43346
43347
43354
43359
43364
43368
43369
42525
43759
43383
43400
43402
43407
43412
43416
43420
43424
43425
43429
43432
43435
43443
43448
43455
43466
43472
43476
43489
43494
43500
43501
43502
43504
43505
43509
43510
43511
43522
43525
43528
43529
43531
43535
43537
43539
43545
43143
43563
43565
43298
43571
42798
43579
43580
43581
43584
43591
43596
43599
42733
43600
43605
43607
43625
43627
43747
43633
43640
43644
43646
43648
43654
43655
43668
43670
43671
43672
43678
43679
43687
43694
43496
42338
43695
43707
42688
43717
43721
43726
43730
42445
43733
43771
42132
42636
43280
43789
43790
43810
43812
42673
43814
43816
43822
42202
43826
43835
43836
43838
43839
43587
43849
43855
43860
43861
43863
43867
43869
43874
43881
43885
43889
43892
43897
42533
43909
42199
43198
43927
43937
43939
43944
43952
43954
43955
43957
42740
42137
43973
43979
43990
43995
43996
42005
43236
42021
42034
42035
42038
43758
42055
42075
42078
42083
42095
42101
42103
42104
42114
42128
42135
43975
42140
42142
42147
42151
42165
42169
42178
42173
42181
42183
42189
42194
43085
42198
42201
42206
42208
42211
42212
42225
42227
42234
42239
42258
42265
42267
42272
42274
42276
43804
42278
42293
42303
42307
42314
42320
43200
42327
42340
42345
42353
42355
42373
43614
42374
42381
42385
43941
42387
42388
42389
42391
42400
42409
42416
42419
42435
42438
43735
42454
42457
42460
42463
42466
42470
42471
42477
42482
42510
42511
42518
42530
42531
42540
42541
42548
42553
42565
42569
42004
42574
42591
42601
42605
42610
42612
42614
42615
42617
42626
42632
42637
42640
42642
42649
42650
42651
42653
42657
43987
42662
42667
42669
43815
43375
42676
42679
42708
42125
42710
42713
42736
42741
42747
42752
42754
42755
42756
42770
42778
42783
42787
42803
42809
42811
42815
42821
42822
42826
42831
42837
42934
42840
42854
42855
42860
42861
42871
42874
42882
42888
42898
42899
42900
43028
42910
42937
42938
43532
42952
42963
42971
42999
43001
43005
43006
42007
43011
43012
43017
43295
43027
43048
43060
43068
42832
43076
43083
43084
43086
43088
43091
43099
43102
43110
43120
43128
43133
43134
43136
42761
43140
43158
43161
43168
43170
43175
43177
43184
43185
43186
43197
43199
43201
43206
43214
43215
43218
43222
43230
43232
43238
43242
43261
43269
43274
43284
42317
43290
43304
43313
43315
43326
43331
43335
43337
43352
43361
43366
43370
43372
43374
43376
42093
43403
43405
43414
43423
43434
43438
43452
43453
43458
43465
42146
43473
43478
43485
43491
43495
43514
43520
43530
43534
43536
43538
43542
43543
43547
43556
43559
42849
43562
43572
43573
43575
43578
43588
43594
43601
43606
43613
42377
43617
42933
43619
43621
43482
43624
43637
43642
43645
43656
43669
43688
43711
43714
43344
43728
43731
43734
43739
43745
43746
42160
43638
43762
43764
43769
43772
43773
43779
43782
43786
43787
43788
43760
43794
43795
42566
43798
42284
43805
43808
43809
43813
43818
43820
42049
43825
43837
43841
43844
43857
43859
43864
43878
43891
43894
43895
43898
43724
43901
43903
43907
43911
43433
43913
43054
43921
43932
43933
43936
43950
43953
43966
42073
43989
43991
43992
43997
42002
42003
42011
42012
42033
42039
42546
42052
42062
42076
43715
42082
42090
43404
42120
42402
42127
42129
42149
42188
42196
42223
42241
42244
42245
42247
42260
42263
42288
42329
42334
43706
42363
42369
42371
42372
42382
42401
42404
42413
42414
42425
42430
42439
42600
42442
42446
42492
42495
42499
42500
42506
42508
42520
42523
43791
42528
42529
42539
42543
42550
42561
43801
42603
42609
42619
42638
42639
42648
42664
42683
42692
42694
42702
42722
42729
43603
42737
42072
42774
42782
42785
42786
42791
42794
43583
42841
42853
42872
42885
42897
42912
42358
42932
42976
42953
42960
42968
42973
42983
42988
42995
43024
43026
43029
43033
43043
43045
43931
43057
43064
43072
43089
43112
43160
43180
43220
42028
43240
43248
43260
43946
43277
43328
43334
43351
43353
43356
43357
43380
43385
43394
42703
43418
43428
43445
43460
43467
43471
43474
43475
43479
43486
43498
43527
43548
43551
43552
43568
43582
43585
43586
43604
43616
43626
43636
43662
43665
43667
43674
43703
43740
43742
43743
43756
43767
43776
43802
43819
43842
43845
43846
43847
42349
42048
43872
43896
43908
43920
43959
43961
43968
42042
43982
43985
43639
43988
43993
43999
42010
42016
42029
42037
42044
42080
42107
42112
42145
42152
42166
42171
42176
43450
43831
42069
42233
42251
42270
42298
42443
42456
42494
42513
42515
42521
43680
42645
42677
42706
42707
42715
42719
42758
43156
42763
42788
42790
42816
42812
42866
42913
42843
42974
42991
43117
42994
43020
43039
43073
43106
43122
43123
43641
43196
42333
43228
43251
43263
43287
43275
43296
43391
42156
43410
43437
43441
42210
43454
43457
43492
43493
43508
43524
42956
43540
43854
43620
43631
43755
43676
43629
43763
43800
43856
43862
43870
43871
43172
43924
43942
43834
42001
42045
42092
42111
43477
42155
42070
42162
42229
42417
43208
42431
42564
42624
42656
42678
42739
43566
42919
42538
42957
43044
42200
43171
43219
43226
43270
43278
43705
43515
43516
43652
43659
42089
43737
43781
43784
43833
43850
43890
42113
42236
42302
42412
43980
43023
42616
42998
43025
43148
42468
43324
43349
43415
43426
43589
43643
43399
42032
43853
42158
42172
42901
42880
