16074
17523
17703
16090
16112
16125
16135
16146
16153
16155
16156
16158
16176
16180
16206
16261
16277
16292
16568
16297
16308
16309
16310
16337
16340
16379
16389
16419
16447
17000
16470
16523
16535
16571
16577
16578
16617
16643
16679
16029
16680
16703
16712
16747
16758
16765
16766
16799
16810
16018
16822
17532
16783
16826
16893
16899
16958
16981
17040
17059
16526
17061
17077
17085
17114
17117
17126
17128
17132
17151
17158
17170
17291
17188
17226
17244
17245
17274
17312
17316
17317
17341
17345
17352
17356
17375
17439
17442
17446
17484
17529
17560
17580
17584
17624
17652
17705
17707
17715
17745
17753
17797
17827
17843
17857
17862
17868
17927
17962
16566
17982
16005
16012
16015
16021
16023
16024
16694
16031
16046
16077
16078
16085
16088
16101
17710
16115
16128
16141
16147
16152
16160
16181
16184
16189
16197
16214
16228
17636
16231
16246
16251
16257
16259
16273
16275
16284
16289
16291
16294
16295
16302
16322
16327
16334
16345
16347
16353
17281
16364
16392
16395
16405
16406
16407
16408
16416
16856
16438
16460
16461
16464
16467
16477
16484
16486
16563
16499
16512
16513
16515
16516
16518
16520
16533
16561
16562
16574
16575
16581
16584
16587
16596
16598
16613
16618
16619
16622
16626
16636
16646
16651
16655
16658
16672
16674
16675
16684
16697
16699
16716
16720
16734
16735
16746
16768
16769
16772
16773
16776
16786
16796
16807
16811
16824
16831
16858
16875
16878
16881
16882
16888
16890
17602
16905
16926
16931
16937
16938
16951
17819
16964
16976
16980
16984
16988
16989
17002
17011
17018
17024
17026
17029
17037
17042
17043
17055
17057
17064
17066
17068
17076
17086
17088
17089
17097
17103
16920
17913
17106
17122
17123
17124
17137
17141
17147
17149
17159
17168
17169
17172
17186
17189
17203
17206
17606
17207
17209
17224
17243
17247
17251
17254
17269
17287
17289
17292
17299
17300
17301
17338
17357
17372
17382
17391
17396
17408
17411
17413
17415
17429
16208
17440
17449
17458
17463
17464
17471
17475
17476
17480
17481
17911
17487
17498
17502
17505
17514
17518
17527
17530
17541
17548
17551
17554
17576
17581
17588
17597
17601
16919
17604
17612
17625
17626
17635
17638
17639
17642
17643
17658
17670
17671
17674
17675
17676
17678
16478
17688
17714
17718
17720
17723
17726
17737
17747
17755
17790
17794
17799
16967
16089
17825
17840
17845
17851
17852
17854
17863
17865
17877
17900
17905
17908
17910
17912
17923
17887
16851
17928
17953
17956
17964
17968
17971
17350
17187
17975
17988
17993
16003
16014
16020
16030
16033
16866
16034
16049
16051
17904
16055
16063
16064
16067
16071
16073
16075
16079
16082
16084
16091
16094
16095
16096
16098
16099
16104
16105
16111
16116
16120
16122
16126
16134
17752
16142
16151
16162
16168
16062
16175
16183
16190
16193
17080
16199
16203
16611
16204
16209
16210
16217
16222
16223
16225
16230
16232
16233
16237
16240
16243
16254
16258
16260
16262
16263
16930
16270
16281
16287
16288
16293
16304
16307
16311
16312
16313
16315
16318
16319
16329
16331
16332
16336
16338
16343
16521
16348
17568
16365
16371
16372
16381
16385
16386
16390
16393
16394
16402
16412
16413
16415
16417
16570
16420
16429
16431
16433
16435
16442
16450
16456
16457
16459
16473
16488
16493
16494
16496
16498
16508
16510
16511
16522
17070
16529
16537
16543
16547
17738
16548
17248
16552
16506
16567
16572
16586
16043
16588
16592
16594
17839
16597
16610
17445
16615
16631
16639
16648
16642
16660
16666
16669
16676
16693
16706
16708
16710
16722
16723
16726
16727
16730
16733
16739
16743
16750
16752
17603
16754
16757
16763
16775
16780
16781
16782
16793
16797
16803
16809
16813
16815
16898
16821
16828
17138
17932
16830
16870
17231
16887
16902
16903
16906
16911
16912
16922
16929
16279
16933
16935
16945
16953
16955
16956
16959
16966
16968
16972
16973
17742
16975
16991
16993
16994
16997
16998
17774
17001
17010
17019
17027
17036
17046
17048
17056
17063
17075
17087
17091
17095
17096
17099
17100
17107
17108
17120
17127
17130
17135
17136
17140
17143
17144
17146
17152
17154
17162
17163
17177
17179
17180
17183
17184
17185
17192
17694
17193
17198
17201
17202
17212
17215
17216
17222
17225
17585
17234
17238
17239
17242
17246
16556
17253
17260
17263
17740
17266
16553
17278
16374
17282
17283
17211
17296
17298
17304
17564
17308
17320
16756
17326
17328
17330
17339
17355
17360
17361
17363
17364
17365
17370
17373
17376
16657
17379
17384
17386
17387
17389
17390
17393
17394
17397
17336
17403
17816
17419
17197
17425
17431
17432
17436
17437
17447
16216
17450
17456
17461
17462
17472
17473
17479
17483
17486
17489
17491
17500
17501
17504
17506
17508
17513
17517
17161
17531
17536
17537
17545
17552
17558
17559
17571
17507
17582
17586
17591
17595
17605
17613
17616
17617
17618
17191
17619
17622
17623
17631
17633
17634
17644
17650
17651
17800
17656
17664
16036
17409
17668
17684
17686
17693
17695
17697
17699
17702
17713
17719
17722
17724
17728
17731
17743
17749
16483
17756
17761
17763
17764
17766
17770
17783
17786
17787
17792
17663
17150
17801
17818
17820
17829
17830
17831
17835
17838
17846
17850
17853
17858
17859
17860
17866
17872
17879
17936
17888
17889
17893
17897
16600
17901
17906
17907
17116
17915
17921
17924
17925
17937
17942
17944
17970
17947
17951
17952
17955
17957
17972
17973
17974
16845
17977
17989
17990
17991
16001
16016
16825
16019
16532
16350
16025
17690
16038
16042
16047
16048
16052
16053
16059
16060
16179
16065
16066
16068
16070
16087
16100
16102
16108
16110
16117
16121
16124
16136
16138
16148
16149
16161
16163
16164
16167
16169
16170
16791
16173
16178
16201
16207
16663
17958
16213
16229
16235
16236
16238
16759
16239
16250
16252
16268
16269
16276
16278
16282
16283
16286
16298
16299
16300
16303
16314
17109
16316
16321
16323
16324
16330
16335
16339
16341
16342
16346
16352
16355
16356
16359
16360
16362
16369
16373
16375
16377
16400
16404
16414
16422
16426
16428
16437
16444
16445
16465
16469
16753
16471
16475
16119
16485
16505
16507
16509
16514
16525
17547
16530
16028
16538
16541
16549
16564
16565
16306
16421
16573
16583
16595
16604
16605
16607
16612
16620
16624
16628
16629
16633
16635
16637
16638
16640
16644
16647
16649
16650
16656
16659
17488
16662
16677
16690
16691
16695
16698
16711
16713
16717
16728
16737
16740
16472
16995
16767
16777
16778
16784
16792
16941
16794
16806
16812
16814
16816
16817
16833
16839
16840
17986
16846
16848
17943
16857
16859
16864
16040
16867
16873
16879
16884
16885
16886
16891
16892
16894
16901
16041
16904
17072
16914
16917
16927
16936
16944
16947
16949
16952
17600
16954
16961
16963
16965
16969
16974
17323
16979
16999
17003
17006
17013
17014
17016
17020
17033
17039
17041
17045
17047
17053
17065
17067
17069
17081
17090
16013
17098
17104
16481
17111
17131
17139
17153
17160
17164
17167
17171
17173
17176
16841
17181
17190
17199
17210
17213
17217
17220
17227
17228
17229
17232
17255
17256
17258
17259
17262
17272
17277
17280
17284
17286
17293
17294
17297
17303
17305
17306
17307
17309
17315
17318
17319
17322
17331
17333
17340
17342
17343
17344
17451
17346
17371
17428
17378
17395
17399
17400
17404
17405
17407
17410
17412
17414
17433
17441
17892
17448
17453
17455
17460
17465
17467
17477
17485
17493
17583
17509
17512
17515
17516
17519
17520
17525
17528
17544
17546
17549
17553
17555
17561
17960
17565
17577
17578
17587
17592
17593
17594
17596
17598
17599
17208
17607
17218
17608
17627
17628
17630
17632
17637
17640
17645
17647
17648
17653
17655
17660
17661
17662
17665
17666
17669
17672
17673
17679
17682
17683
16913
17696
17701
17704
17709
17712
17725
17727
17734
17735
17270
17741
17744
17746
17750
16150
17754
17765
17769
17771
17773
17004
17776
17777
17778
17780
17795
17803
17009
17805
17807
17808
16265
17813
17424
17817
17823
17824
17826
17837
17842
17844
17849
17855
17864
17157
17881
17886
17898
17902
17909
17492
17916
17922
17926
17933
17954
17961
17966
17967
17969
17950
17978
17981
17987
17995
17997
17998
17999
16000
16006
16010
16011
17102
16026
16035
17685
17870
16037
16918
16050
16056
16057
16061
16069
16072
16076
16083
16092
16103
16113
16127
17021
16131
16137
16143
16145
16157
16159
16165
16166
16171
16172
16186
16195
16198
16205
16212
16215
16220
16221
16226
16227
16241
16242
16245
16247
16248
16253
16255
16266
16271
16272
16274
16280
16285
16290
16301
16317
16328
16333
16344
16349
16361
16368
16370
16576
16531
16376
16403
16411
16418
16432
16434
16436
16439
16440
16446
16448
16449
16451
16454
16458
16462
16468
16476
16480
16731
16487
16492
16495
16497
16500
16501
16502
16504
17739
16527
16536
16540
16542
16545
16546
16550
17279
16557
16559
16560
16569
16387
16579
16585
16602
16608
16609
16218
16614
16621
16623
17572
16625
16652
16653
16654
17381
16668
16670
16671
16673
16678
16683
16686
16688
16696
16700
16701
16714
16724
16489
16732
16736
16742
16744
16751
16760
16761
16764
16788
16789
16790
16798
16800
16802
16805
16818
16819
16829
16834
16837
16843
16844
16849
16854
16452
16861
16863
16865
16869
16871
16874
16880
16900
16908
16928
16932
16942
16978
16982
16983
16985
16990
16996
16519
17005
17008
17012
16132
17022
17023
17028
17032
17035
17038
17044
17049
17051
17052
17054
17060
17071
17074
17079
17084
17093
17094
17101
16320
17115
17119
17145
17804
17156
17885
16832
17174
17175
17178
17621
17195
17205
17214
17615
17219
17223
16599
17562
17230
17250
17257
17261
17271
17273
17285
17288
17290
17313
17325
17332
17337
17347
17348
17979
17358
17359
16601
17369
17385
17392
17398
17401
17402
17421
17430
17438
17443
17457
17459
17466
17468
17469
17062
17470
16664
17494
17496
17497
17499
17533
17534
17538
17542
17543
17550
17563
17566
16367
16627
17573
17574
17575
17590
16755
17611
17614
17646
17649
17681
17687
17196
17700
17809
16106
17716
17736
16528
16977
17748
17757
17758
17760
17762
17768
17772
17775
17784
17785
17791
17802
17811
17815
17836
17380
17856
17861
17873
17874
17875
17876
17883
17884
17891
17452
16058
17914
17917
17918
17920
17930
17934
17935
17938
17941
17946
17963
17980
17992
16002
16004
16007
16008
16017
16590
16044
16081
16086
17833
16093
16107
16109
16114
16139
16133
16144
16154
16188
16191
16194
16202
16244
16256
16264
16267
16305
16326
16351
16354
16358
16388
16391
16396
16427
16441
16443
16479
17113
16482
16490
16491
16363
16524
16580
16582
16593
16606
16630
16632
16667
16687
16702
16704
16715
16718
16721
16725
16729
16785
16741
16748
16771
16745
16787
16808
16838
17182
16852
16853
16855
16862
16872
16876
16883
16707
16889
16910
16916
16946
16921
16939
16943
16950
16957
16962
16970
16986
16992
17007
17017
17031
17050
17073
17078
16200
17118
17121
17125
17129
17134
16842
17142
17165
17983
17200
17204
17221
17233
17235
17236
17249
17252
17264
17265
17267
17268
17275
17295
17310
16770
17329
17335
17349
17353
17354
17362
17367
17374
17377
17388
17406
17418
17422
17427
16685
17444
17490
17503
17510
17526
17535
17540
17556
17241
17314
17567
17569
17579
17237
17609
17610
16182
17620
16234
17654
17657
17659
17667
16039
17689
17691
17708
17711
17721
17729
17732
16551
17751
17767
17781
17782
17789
17812
17822
17434
17832
17847
17929
17869
17880
17882
17890
17894
17896
17899
17919
17871
16860
17939
17940
17945
16224
17570
17965
17994
17996
16009
16080
16097
16118
16123
16129
16130
17629
16187
16192
16196
16211
16616
16296
16325
16357
16380
16382
16383
16384
16399
16409
16410
16424
16453
16463
16474
17759
16503
16517
16534
16539
16544
16589
17903
16603
16634
16641
16645
16219
16665
17351
16709
17327
16249
16847
16177
16795
16827
16835
16877
16895
16897
17112
16925
16934
16801
16971
17806
17025
17030
17034
17478
16915
17082
17092
17105
17110
17133
17383
17276
17302
17311
16425
17321
17417
17423
17426
17435
17454
17482
17495
17511
17522
17524
17539
17557
16960
17641
17692
17698
17717
17730
17779
17793
17796
17798
17706
17810
17828
17867
17878
17895
17931
17985
16027
16140
16174
16185
17814
16032
16378
16397
16401
17324
16430
16455
16466
16555
16661
16682
16689
16692
16774
16779
16820
16850
16896
16907
16054
16940
16923
16948
16987
17015
17058
17148
17194
17680
16719
17366
17420
17834
17589
17733
17788
17821
17841
17848
17948
17959
17976
17677
17368
17984
16705
16909
16738
16749
16762
16804
16868
17083
17334
17521
16398
16045
16022
16366
16423
16554
16591
16681
17155
17474
16924
16836
17166
17240
17416
16558
