62021
62262
62031
62112
62209
62210
62249
62267
62274
62275
62283
62286
62296
62309
62320
62322
62331
62370
62374
62379
62383
62386
62439
62450
62478
62484
62501
62552
62565
62591
62635
62642
62700
62717
62735
62756
62762
62770
62781
62794
62815
62825
62840
62860
63710
62888
62942
62995
63026
63032
63132
63168
63185
63187
63224
63234
63264
63282
63305
63309
63336
63341
63347
63349
63352
63377
63560
63429
63445
63477
63365
63584
63654
63661
63677
63687
63718
63800
63827
63832
63856
63858
63890
63891
63899
63920
63921
63940
63962
63966
63968
63970
63087
63799
62004
62034
62038
62044
62045
62047
62048
62050
63100
62051
62076
62083
62085
62095
62098
62107
62126
62129
62131
62152
63657
62158
62166
62182
62183
62189
62190
62197
62207
62216
62221
62226
62234
62250
62254
62258
62261
62272
62273
62276
62292
62300
62303
62308
62314
62318
62319
62328
62340
62348
62361
62377
62400
62427
63608
62401
62414
62415
62418
62435
62451
62452
62453
62474
62476
62479
62481
62490
62491
62138
62494
62500
62503
62504
62507
62510
62511
62517
62528
62535
62538
62540
62544
62554
62555
62568
62572
62575
62581
62585
62595
62601
62602
62603
62608
62610
63783
62611
62644
63720
62667
62677
62681
62682
62686
62690
62694
62701
62707
62713
62714
62724
62727
62736
62740
62742
62754
62757
62761
62766
62774
62785
62789
62791
62801
62805
62813
62821
62831
63092
62844
62859
62865
62866
62868
62872
62877
62884
62892
62907
62913
62914
62917
62922
62924
62927
62930
62945
62952
62960
62961
62962
62982
62986
62990
63006
63008
63015
63290
63019
63028
63037
63469
63041
63064
63074
63080
62009
63089
63099
62058
63112
63120
63124
63152
63160
63161
63164
63169
63171
63172
63175
63178
63180
63188
63195
63366
63211
63220
63243
63244
63249
63251
63252
63258
63273
63274
63294
63312
63325
63330
63335
63343
63353
63354
63361
63372
62947
63379
63385
63394
62748
63395
63406
63409
63412
63415
63417
63424
63433
63436
62662
63438
63450
63196
63470
63479
63482
63486
63487
63666
63490
63824
63508
63511
63527
62594
63533
63434
63570
63572
63578
63579
63590
62910
63208
63599
63611
63613
63619
63621
63623
63626
63627
63637
63642
63644
63652
63658
63670
63680
63693
63697
63723
63727
63747
63748
63749
63750
63752
63765
63776
63777
63784
63788
63794
63801
63803
63808
63820
63510
63831
63835
63859
63863
63873
63878
63885
63894
63896
63900
63904
63905
62133
63907
63915
63927
63933
63934
63958
63963
63974
63847
63980
62003
62008
62015
62016
62026
63472
62032
62041
62042
62043
63649
62049
62053
62055
62060
62063
62067
62072
62078
62082
62086
62087
62088
62090
62096
62359
62099
62118
62123
62124
63909
62134
62137
62141
62147
62154
62522
62155
62170
62172
62173
62175
62179
63760
62191
62194
62195
62200
62201
62214
62225
62240
62241
62245
62247
62248
62251
62252
62259
62263
62268
62269
62271
62278
62280
62285
62289
62291
62295
62305
62312
62316
63035
62321
62327
62330
62334
63203
62338
62344
62345
62349
62357
62358
62365
62369
62384
62387
62389
62391
62393
62394
62406
62235
62409
63038
62419
62428
62429
62432
62433
62447
62449
62455
62553
62456
62343
62472
62483
62486
62493
62496
63555
62502
62521
62529
62532
62533
62537
62543
62545
63728
62548
62557
62091
62562
62564
62097
63630
62570
62587
62589
62592
62599
62604
62606
62609
62612
62580
62615
62621
62640
62651
62653
62658
63447
62665
62668
62669
62683
62685
62703
62708
62711
62716
62723
62725
62728
62916
62731
62737
62749
62750
62755
62759
62763
62764
62765
62767
62769
62772
63442
63821
62783
62796
62797
62798
62800
62802
62803
62812
62814
62818
62823
62824
62827
62832
62838
63345
62842
62852
62856
63986
62857
62871
62876
62878
62887
62893
63959
62894
62899
62903
62909
62918
62929
62936
62937
62939
62946
63383
62948
62951
62954
62965
62966
62967
62970
62977
62978
62983
62984
62985
62993
62997
63010
63053
63011
63020
63025
63029
63030
63034
63045
63047
63048
63065
63066
63071
63073
63076
63077
63081
63098
63103
63104
63105
63106
63107
63108
63113
63133
63136
63137
63138
63673
63140
63145
63148
63154
63170
63183
63189
63192
63826
63204
63209
63212
63216
63217
62656
63219
63223
63226
63229
63231
63259
63233
63240
63245
63260
63265
63271
63281
63284
63286
63289
63022
63293
63300
63303
63306
63310
63313
63333
63348
63351
63360
62052
63376
63380
63382
63386
63387
63389
63391
63398
63399
63401
63402
63408
63413
63418
63420
63422
63425
63432
62140
63439
62915
63449
63456
63571
63462
63480
63483
63315
63485
63494
63496
63499
63502
63505
63509
63513
63514
63522
63525
63528
63581
63530
63534
63536
63541
63543
63554
63556
63561
63478
63575
63576
63577
63585
63587
63591
63607
62828
63521
63618
63631
63636
63639
63640
63645
63655
63656
63659
63664
63665
63667
63668
63669
63675
63676
63682
63690
63699
63704
63705
63707
63708
63734
63740
63742
63751
63753
63768
63773
63276
63775
63782
62631
63791
63809
63811
62788
63825
63206
63836
63837
63841
63851
63855
63857
63862
63865
63866
63869
63870
63872
63881
63884
63886
63895
63897
63901
63632
63902
63914
63928
63931
63932
63947
63948
63950
63951
63952
63954
62896
63960
63969
63971
63972
62979
63973
63976
63977
62302
63988
62006
62017
62019
62035
62020
62028
62057
62066
63610
62074
62079
62080
62084
62563
62092
62093
62094
62100
62104
62105
62111
62114
62115
62120
63441
62122
62132
62495
62144
62145
62146
62148
62375
62149
62153
62156
62161
62164
62169
62974
62171
62178
62202
62204
62213
62217
62218
62219
62222
62224
62232
62244
62253
62260
62266
62287
62037
62290
62294
62301
62005
62304
62307
62311
62313
62323
62676
63428
62324
62354
62355
62360
62366
62367
62372
63545
62373
62381
62775
62388
62397
62399
62403
62404
62407
62412
62420
62422
62423
62424
62430
62431
62434
62436
62442
62443
62445
62448
62462
62463
62464
62477
62488
62489
62497
62505
62508
62512
62515
62518
62524
62527
62530
62547
62556
62558
62559
63544
62566
62578
62579
62617
62584
62590
62597
62023
62600
62613
62618
62624
62625
62627
62628
62629
62630
62634
62637
62639
62641
62643
62645
63012
62648
62650
62652
62654
62657
62663
62664
62666
62671
62672
62673
62680
62691
62692
62696
62698
62699
62702
62704
62705
62706
62709
62715
62718
62719
62721
62722
62729
62738
62741
62743
62744
62745
62746
63405
62758
62768
62773
62776
62777
62778
62779
62780
62786
62790
62793
62799
62900
62804
62811
62817
62822
62826
62795
62833
62837
62843
62847
63715
62851
62879
62882
62885
62886
62889
62895
62898
62902
62905
62906
62732
62919
62921
62454
62923
62943
62944
62949
62953
62968
62971
62973
62975
63975
62980
62987
62988
62989
62897
62991
62999
63001
63009
63014
63018
63033
62425
63043
63050
63052
63054
63055
63063
63072
63075
63079
63082
63083
63086
63091
62845
63093
63094
63095
63101
63109
63117
63118
63119
63121
63122
63123
63129
63130
63134
63139
63141
63142
63144
63146
63147
63151
63155
63158
63162
63165
63166
63173
63174
63177
63182
63184
63190
63191
63201
63606
63210
63213
63228
63235
63238
63242
63246
63248
62869
63253
63257
63237
63267
63275
63277
63280
63285
63287
63292
63304
63314
63316
63317
63321
63324
63327
63338
63339
63342
63344
62850
63358
63359
63362
63370
63371
63381
63388
63392
63400
63404
63407
63785
63414
63419
63423
62351
63430
63437
63440
63444
63454
63458
63461
63463
63465
63471
63475
63476
63481
63484
62969
63488
63497
63500
63503
63504
63568
63506
63518
63520
63524
63529
63550
62520
63563
63564
63580
63586
63592
63593
63595
63598
63605
62413
63609
63828
62077
63617
63628
63629
63910
63635
63641
63643
63647
63648
62163
63660
63662
63663
63674
63678
63681
63686
63688
63692
63694
63696
63700
63703
63706
63709
62901
63711
62875
63716
63724
63730
63731
63736
63738
63741
63746
63758
63762
63764
63766
62460
63916
63767
63771
63772
63780
63792
63795
63805
63812
63813
63815
63816
63817
63818
63823
63614
63829
63830
63838
63842
63844
63846
63849
63854
63410
63861
63874
63877
62567
63879
63892
63906
63911
63912
63917
63918
63923
63935
63939
63946
63955
63957
63961
63964
63967
63991
63993
63994
63997
63999
62007
62011
62012
62013
62018
62027
62022
62036
62059
62064
62069
62070
62071
62073
62102
62106
62109
62113
62125
62130
62135
62136
62139
62143
62165
62185
63374
62188
62198
62205
62223
62215
63942
62220
62229
62233
62236
62938
62237
62256
62257
62279
62281
62282
62284
62288
62306
62310
62317
62329
62332
62336
63205
62342
62350
62710
62353
62108
62378
62382
62385
62396
62398
62402
62408
62416
62417
62421
62438
62440
62446
62459
62142
62467
62469
62470
62480
62485
62487
62498
62499
62506
62509
62513
62525
62526
62531
62534
62536
62539
62542
62574
62577
62582
62583
62607
62616
62619
62622
62623
62632
62638
62647
62675
62678
62679
62684
62693
62697
62712
62720
62739
62760
62771
62390
62784
62808
62810
62816
62819
62836
62841
62855
62863
62880
62890
62891
62904
62908
63819
63451
62925
63553
62926
62931
62935
62940
62950
62957
62958
62959
62963
62964
62992
62994
62996
63002
63003
63016
63017
63023
63024
63040
63042
63046
63049
63013
63056
63058
63060
63067
63068
63084
63088
63090
63096
63097
63110
63116
62586
63125
63128
63131
63149
63150
63156
63157
63179
63181
63186
63193
63474
63198
63202
62341
63214
63222
63225
63232
63236
63247
63250
63262
63266
63268
63279
63283
63288
63291
63295
63301
63307
63308
63311
63320
63322
63323
63328
63331
63332
63334
63337
63340
63346
63356
63364
63215
63369
63373
62196
63375
63378
63396
63397
63867
63411
63431
63435
63446
63448
63452
63459
63460
63467
63468
62033
63498
63501
63512
63515
63526
63535
63537
63538
63540
62573
63546
63547
63549
63552
62928
63558
63562
63574
63588
63596
63597
63601
63603
63616
63633
63651
63653
63671
63143
63679
63683
63685
63691
63695
63698
63719
63721
63722
63726
63729
63733
63735
63737
63739
63743
63745
63754
63759
62193
63761
63778
63787
63789
63793
63796
62024
63804
63806
63814
63822
63833
62089
63834
63843
63850
63860
63868
63887
63893
63908
63924
63926
63930
63936
63941
63953
63956
63979
63981
63982
63983
63985
62867
63987
63989
63990
63996
62806
63998
62014
62605
62025
62029
62030
62040
62054
62820
62056
62075
63840
62103
62110
62116
62117
62119
62128
62473
62168
62176
62180
62184
62186
62187
62192
62199
62203
62206
62211
62212
62230
62411
62239
62246
62255
62265
62277
62298
62325
62335
62337
62352
62364
62376
62392
62405
62410
62437
62444
62457
62458
63769
62466
62471
62174
62475
62516
62519
62167
62541
62461
63883
62576
62588
62593
62596
62633
62655
62659
62661
62674
63298
62687
62695
62356
62726
62730
62733
62734
62752
62834
62807
62809
62829
62830
62835
62839
62846
62848
63135
62853
62862
62864
62873
62874
63176
62883
63602
62911
62912
62243
62941
62955
62972
62976
62981
63004
63007
62649
63021
63031
62326
63044
63051
63069
63070
63078
63111
63114
63115
63126
63159
63163
63197
63199
63200
62482
63207
63218
63239
63254
63256
63261
63263
63272
62688
62670
63299
63326
63329
63363
63403
63426
63427
62127
63443
63453
63457
63464
63466
63062
63473
63491
63507
63517
63519
63523
63882
63532
63551
63557
63566
63567
63516
63531
63583
63589
63594
63600
63604
63612
63620
63638
63495
63672
63689
63701
63005
63702
63489
63732
63755
63756
63757
63786
63790
63797
63798
63807
63810
62920
63839
63845
62000
63848
63864
63871
63888
63876
63898
63770
63919
63925
63929
63937
63938
62228
63943
63944
63945
63949
63965
63978
63984
63992
62062
62065
62560
62081
62121
62468
62151
62157
62159
62162
62181
62231
62238
62242
62270
62297
62299
62315
62347
62368
62371
62150
62426
62441
62934
62514
62546
62571
62569
62380
62598
62620
62626
62636
62646
62660
62689
62747
62753
62061
62849
62861
62881
62998
62933
62956
63492
62177
63000
63036
63039
63057
63085
63102
63153
63167
62002
63230
63270
63781
63296
63297
63302
63319
63357
63367
63368
63390
63393
63421
63455
63493
63548
63565
63569
63573
63582
63615
63625
63127
63634
63646
63650
63684
63712
63717
63725
63744
63763
63774
63852
63853
63875
63880
63542
63903
63922
63995
62001
62010
62293
62039
62046
62068
62101
62787
62160
62208
62227
62339
62363
62465
62523
62549
62551
62561
62614
63221
62333
62782
63622
62854
63255
62932
63059
63061
62858
63194
63227
63241
63269
63318
63350
63624
63539
63559
62550
63779
63416
63802
63889
62264
62346
62395
62492
62751
62792
62870
63714
63027
63278
63355
63384
63713
