26007
27569
26010
26023
26095
26096
26108
26117
26128
26138
26188
26211
26212
26265
26270
26273
26274
26290
26315
26326
26330
26391
26393
26401
26409
26428
26432
26439
26443
26452
26468
26553
26557
26566
26591
26596
26606
26609
26635
26697
26715
26758
26761
26811
26868
26886
26933
26958
26961
26990
26991
27053
27057
27061
27085
27104
27127
27151
27164
27170
27211
27226
27251
27292
27303
27309
27338
27372
27374
27381
27420
27454
27455
27462
27482
27492
27526
27543
27560
27628
27636
27647
27674
27695
26149
27701
27750
27753
27781
27783
27801
27824
27858
27885
27941
27961
27994
26008
26011
27523
26017
26026
26032
26038
26043
26049
26058
26060
26066
27158
26067
26080
26082
26083
26094
26100
26104
26124
26126
26137
26141
26143
26146
26148
27654
26155
26159
26160
26167
26169
26170
26175
26181
26186
26200
26207
26208
26209
26213
26216
26218
26226
26227
26228
26231
26252
26258
26284
26296
26298
26303
26304
26318
26335
26341
26346
26347
26348
26351
26359
26367
26371
26382
26385
26388
26392
26411
26418
26427
26444
26451
26457
26478
26483
26485
26494
26495
26507
26508
26516
26522
26552
26555
26833
26556
26571
26573
26580
26584
26599
26600
26607
26624
26627
26629
26656
26667
26671
26677
26684
26686
26696
26708
26136
26718
27696
26740
26720
26750
26764
26769
26777
26785
26788
26799
26809
26813
27760
26839
26851
26855
26862
26865
26869
26873
26878
26896
26898
26907
26909
26910
26924
26935
26950
26959
26963
26971
27796
26973
26988
26989
27000
27013
27014
27016
27023
27026
27459
27028
27036
27038
27495
27047
27054
27055
27058
27062
27079
27088
27093
27097
27100
27103
27111
27115
27116
27134
27136
27166
27169
27184
27187
27213
27217
27227
27232
27239
27244
27269
27285
27288
27290
27296
27298
27304
27310
27314
27315
27316
27321
26939
27329
26721
27336
27376
27378
27382
27396
27399
27409
27410
27412
27422
27428
27432
27438
27446
27447
27451
27453
27472
27809
26173
27474
27497
27503
27506
27510
27511
27051
27527
27535
27544
27550
27552
27565
27575
27578
27588
27589
27601
27603
27605
27609
27612
27623
27634
27635
27641
27648
27649
26562
27650
27652
27665
27666
27672
27703
27713
27730
27734
27738
27741
27742
27747
27764
27766
27772
27776
27778
27935
27780
27793
27797
27800
27804
27810
27818
27820
26245
27830
27842
27863
27865
27872
27880
27886
27887
27893
27900
27929
27939
27949
27956
27090
27960
27967
27974
27978
27981
27982
26513
27986
26002
26006
26012
26013
26021
26033
26035
26040
26042
26047
26048
26425
26051
26064
26073
26079
26090
26092
26102
27206
26111
26120
26121
26135
26380
26140
26157
26164
26166
26168
26172
26174
26177
26178
26041
26179
26192
26193
26195
26214
26217
26221
26222
27554
26232
26250
26257
26262
26264
26267
27598
26887
26269
26288
26292
26300
26301
26306
26310
26311
26312
26317
26325
26332
26333
26334
26337
26338
26343
26350
26353
26360
26363
26368
26370
26375
26381
26387
26389
26403
26404
26412
26413
26044
26416
26422
26429
26441
26786
26446
26456
26458
26463
26466
26469
26471
26473
26474
26477
26480
26482
26487
26496
26497
26500
26501
26502
26506
26509
26517
26521
26523
26525
26526
26527
26533
26535
26540
26546
26549
26551
26554
26560
26564
26567
26568
26569
26570
26572
26579
26589
26594
26595
26605
26610
26614
26619
26626
26628
26636
26637
26638
26640
26641
26642
26643
26648
26649
26651
26655
26660
26664
26669
26673
26679
26683
26685
26689
26693
27350
26694
26022
26703
26706
26712
26713
26717
27339
26722
26913
26725
26738
26741
26742
26746
26752
26753
26435
26518
26765
26775
26779
26780
26789
26791
26792
26796
26797
26798
26800
26803
27708
26810
26817
26820
26821
26700
26827
26563
26837
26838
26840
26845
27441
26846
26863
26870
26872
27847
26623
26874
26884
26895
26897
26901
26903
26906
26908
26911
26921
26926
26934
26940
26942
26948
26951
26953
26954
26956
26957
26964
26965
26966
26968
26977
26978
26979
26980
26982
26153
26983
26997
27003
27007
27008
27017
27039
27041
27043
27044
27045
27046
27064
27065
27072
27074
27080
27962
27095
27099
27110
27113
27114
27118
27119
27120
27121
27122
26329
27130
27139
27141
27146
27147
27152
27161
27165
27167
27171
27175
27177
27178
27180
27181
27182
27186
27189
27190
27191
27192
27195
27199
27200
27205
27208
27216
27218
27248
27219
27221
27222
27225
27230
27231
27243
27220
27256
27353
27257
27261
27266
27267
27271
27273
27274
27275
27277
27278
27283
27284
27287
27294
27295
27302
27308
27312
27317
27320
27331
27335
27343
27345
27349
27356
27357
27359
27361
27366
27371
27375
27383
27386
27390
27392
27393
27404
27423
27426
27430
27431
27436
27444
27448
27450
27461
27464
27471
27479
27480
27481
27489
27494
27052
27505
27507
27508
27513
27515
27519
27521
27525
27529
27530
27532
27537
27541
27542
27547
27553
26249
27557
27561
27567
26198
27568
27571
27576
27587
27591
27594
27596
26271
27600
27602
27604
27607
27610
27615
27616
27617
27618
27620
27621
27629
27630
27632
27639
27640
27644
27656
27658
27661
27667
27671
27682
27683
27686
27690
27692
26744
27702
27704
27705
26816
27710
27985
27712
27718
27724
27726
27729
27751
27757
27759
27761
27762
27763
27765
27768
27770
27771
26822
27773
27782
27784
27787
27789
27805
27485
27814
27821
27826
27827
27837
27849
27850
27854
27856
26767
27870
27473
27874
27878
27879
27892
27898
27899
27902
27904
27907
27921
27923
27926
27927
27930
27933
27936
27944
27050
27946
27955
27963
27966
27968
27971
27972
27973
27980
27989
27995
26005
26015
26018
26704
26024
26025
26034
26036
26037
26046
26053
26061
26065
26068
26075
26078
26084
26085
26091
26093
26098
27504
27157
26876
26099
26112
26118
26119
26123
26127
26130
26132
26133
26134
27069
26139
26147
26150
26151
26996
26163
26165
26171
26183
26185
26194
26196
26197
26202
26203
26205
26215
26220
26225
26230
26233
26234
26235
26238
26241
27835
26248
26995
26251
26590
26103
26268
26289
26295
26297
26299
26305
26316
26320
27937
26324
26339
26406
26342
26352
26356
26806
26357
26374
26394
26263
26395
26402
26433
26434
26436
26440
26445
26461
26462
26467
26472
26479
26481
26484
26488
26490
26491
26492
26498
26510
26511
26001
26514
26520
26515
26773
26528
26529
26532
26534
26536
26538
26539
26661
26541
26545
26547
26548
26576
26578
26581
26783
26583
26592
26602
26603
26612
26618
26621
26622
26879
26633
26647
26650
26652
27094
26653
26658
26666
26674
26675
26678
26682
26688
26691
26593
26711
26762
26723
27193
26727
26733
26734
26737
26739
26747
26749
26754
27873
26768
26776
26781
26782
26588
26787
26790
26794
26814
26826
26828
26834
26835
26841
26842
26843
26847
26852
26856
26860
26877
26107
26880
27077
26885
26889
26891
26893
26902
26916
26920
26927
26928
26930
26932
27334
26941
26944
26945
26960
26967
26975
26985
26987
26992
26993
26994
26397
26998
27004
27009
27011
27015
27019
27021
27025
27034
27040
27049
27953
27056
27059
27673
27063
26145
27081
27082
27084
27086
27087
27091
27202
26654
27107
27126
27129
27132
27138
27140
27142
27144
27154
27160
27700
27367
27163
27174
27179
27185
27188
27203
26116
27207
27229
27233
27238
27241
27247
27250
27252
27255
27264
27268
27272
27276
27279
27280
26585
27289
27300
27305
27306
27318
27322
26577
27325
27330
27333
27337
27340
27342
27344
27348
27352
27259
27363
27364
27377
27379
27384
26858
27385
27389
27391
27395
27402
27403
27405
27406
27407
27415
27417
27418
27419
27424
27427
27429
27443
27031
27463
27465
27876
27476
27486
27498
27502
27517
27518
27524
27531
27538
27540
27548
27549
27551
27833
27555
27562
27564
27573
27574
27580
27584
27585
27586
27590
27593
27595
27613
27614
27624
27627
27631
27633
27637
27254
27638
27646
27660
27662
27663
27676
27680
27684
27688
27691
27694
27698
27709
27711
27715
27716
27725
27727
27733
27743
27744
27745
27754
27758
27767
27774
27775
27788
27791
27795
27798
27799
27802
27803
27806
27811
27817
27819
27825
27844
27846
27852
27853
27155
27855
27862
27867
27883
27888
27891
27894
27895
27897
27911
27914
27916
27919
27922
27924
27942
27945
27952
27959
27965
27970
27976
27977
27714
27990
27991
27998
26000
26004
26009
26020
26028
26030
26039
26559
26054
26056
26059
26063
26069
26070
26077
26081
27566
26087
26097
26383
26101
26114
26115
26122
26125
26129
26728
26142
26144
26152
26154
27490
26176
26180
26182
26184
26189
26190
26191
27570
26201
26210
26224
26239
26242
26243
26254
26255
26259
26261
26276
26279
26280
26283
26285
26293
26302
26308
26309
26313
26319
26321
26323
26328
27137
26336
26344
26364
26366
26373
26377
26378
26379
26110
26384
26390
26398
26400
26405
26349
26407
26410
26414
26423
26430
27948
26431
26442
26450
26519
26453
26460
26465
26475
26486
26493
26504
26505
26512
26530
26537
26543
26544
26550
26055
26561
27651
26565
26574
26575
27328
26582
26587
26716
26597
26601
26604
26615
26616
26617
26620
26625
26630
26645
26542
26662
26665
26668
26676
26687
26690
26698
26699
26831
26707
26709
26710
27037
26735
26745
27416
26748
26756
26759
26760
26772
26778
26784
26447
26793
26795
26804
26805
26815
26819
26823
26857
26278
26892
26894
26904
26912
26731
26914
26915
26917
27319
26918
26929
26938
26946
26952
26955
26969
26970
27925
26972
26986
27001
27002
27006
27012
27022
27024
27029
27033
27048
27070
27078
27092
27096
27101
27106
27117
27124
27125
27358
27135
27150
27153
27860
27156
26883
27159
27176
27197
27198
27201
27105
27204
27212
27224
27236
27240
27242
27245
27246
27249
27253
27258
27262
27265
27293
26692
27307
26919
27346
27347
27360
27365
27368
27370
27380
27394
27397
27398
27401
27411
27413
27414
27421
27433
27439
27932
26853
27452
27457
27458
27467
27470
27475
27478
27816
27491
27496
26105
27509
27514
27520
26019
27533
27536
27545
27546
26598
27558
27563
27583
27599
27606
26223
27608
27642
27643
27653
27066
27677
27681
27693
27699
27706
27722
27728
27732
27740
27746
27748
27749
27752
27755
27756
27769
26974
27807
27808
27813
27828
27829
27832
27834
27836
27838
27840
27843
26875
27851
27861
27864
27866
27868
27869
27871
27875
27877
27882
27884
27145
27889
27901
27905
27920
26981
27928
27449
27792
26331
27940
27943
26437
27950
27958
27984
27987
27988
27992
27993
27997
26003
26016
27263
27483
26027
26187
26086
26106
26113
27964
26131
26199
26237
26240
26244
26260
26499
26266
26281
26287
26314
26322
26340
26361
26362
26376
27736
26396
26399
26419
26421
27234
26426
26448
26449
26455
26459
26470
26476
26489
26275
26503
26524
26531
26558
26586
26272
26611
26632
26644
26657
26659
26670
26672
26680
26681
26695
26701
26705
26724
26730
26732
26757
26763
26766
26770
26801
26802
26372
26818
27625
27777
26829
26836
26848
26859
26866
26109
26881
26882
26899
26900
26905
26922
26936
26937
26962
26976
26984
26999
27010
27018
27020
27027
27032
27042
27060
27067
27076
27083
27089
27098
27102
27108
27112
27131
27143
27148
26072
26729
27194
27214
27215
27223
27235
27237
27645
27260
27270
27281
27282
27286
27297
27299
27301
27313
27324
27326
27327
27332
27341
27351
27354
27355
27149
27362
27173
27369
27373
27400
27408
26755
27442
27445
27456
27460
27468
27487
27488
27493
27499
27501
27516
27522
27572
27579
27581
27582
27592
27619
27622
26825
27626
27657
27664
27668
27669
27670
27675
27687
27689
27697
27717
27719
27721
27731
27739
26844
27779
27785
27786
27790
27794
27822
27931
27556
27857
27896
27659
27903
27912
27913
27917
27918
27934
27951
26158
27969
27983
26014
26420
26045
26050
26052
26071
26074
26088
26161
26204
26206
27611
26229
26246
26247
26253
26256
26277
26291
26294
26327
26345
26354
26355
26408
26417
26424
26057
26454
26464
27291
27559
26608
26613
26634
26639
26646
26663
27311
26714
26726
26743
26751
26774
26808
26830
26832
26849
27388
26861
26864
26931
27909
26943
27005
27035
27466
27528
27071
27075
27109
27123
27128
27162
27183
27196
27209
27228
26029
26702
27435
27437
27469
27477
27539
27597
26156
27678
27707
27720
27723
27735
27812
27823
27831
27841
27848
27859
27906
27908
27947
27954
27979
27999
26076
26282
26162
26286
26307
26369
26386
26415
26438
26631
26719
26807
26854
26867
26871
26890
26923
26925
26949
27030
27073
27133
27890
27210
27323
27387
27425
27434
27440
26031
27500
27512
27534
26089
27577
27655
27910
27685
27168
27815
27881
27915
27845
27938
27957
27975
27996
26062
26219
26236
26358
26812
26824
27172
26771
27068
27679
27737
27484
27839
26947
26365
26850
