76033
77344
76037
76046
76053
76055
76057
76059
76070
76094
76101
76117
76187
76212
76220
76889
76233
76267
76280
76336
76379
76387
76389
76442
76502
76510
76514
76518
76551
76545
76607
76630
76654
76677
76679
76691
76696
76735
76801
76802
76814
76819
76841
76849
76853
76862
76870
76881
76895
76899
76918
76928
76936
76942
76945
76952
76968
76987
77013
77038
77043
77081
77099
77132
77141
77161
77174
77209
77240
77252
77270
77288
77306
77326
77405
77410
77415
77435
77464
77471
77489
77526
77593
77308
77612
77672
77727
77732
77517
77748
77763
77792
77795
77848
77873
77901
77903
77915
77930
77940
77957
77969
77971
77979
77992
76000
76001
76003
76004
76014
76020
76021
76027
76031
77370
76039
76054
76063
76071
76073
76088
76093
76095
76097
76102
76103
76111
76119
76120
76126
76130
76131
76152
76166
76156
76167
76180
76190
76197
76200
76201
76206
76208
76210
76232
76241
76252
76259
76260
76263
76265
76269
76279
76281
76301
76306
76308
76311
76312
76313
76321
76345
76361
76372
76384
76396
76398
76403
76406
76411
76430
76446
76447
76448
76453
76455
76464
76465
76471
76490
76496
76504
77615
76507
76524
76532
76547
76552
76555
76557
76567
76568
76573
76602
76609
76610
76611
76615
76622
76629
76631
76072
76638
76663
76665
76670
76671
76680
76687
76690
76692
76709
77830
76712
76718
76727
76733
76747
76749
76752
76754
76762
76770
76772
76775
76780
76783
76792
76804
76809
76835
76843
76854
76866
76879
76882
76894
76897
76915
76921
76924
76931
76937
76941
76947
76964
76965
76967
76977
76989
77004
77008
77041
77051
77053
77057
77058
77065
77083
77087
77091
77107
77111
77113
77114
77121
77127
77137
77140
77143
77144
77149
77151
77163
77167
77168
77176
77179
77180
77184
77187
77199
77207
77210
77225
77244
77254
77255
77262
77271
77274
77293
77304
77309
77310
77320
77330
77346
77347
77349
77352
77353
76436
77354
77357
77654
77360
77364
77386
77388
77392
77400
77404
77409
77421
77428
77430
77441
77448
77449
77458
77465
77484
77500
77275
77502
77508
76112
77510
77520
77531
77532
77545
77556
77573
76176
77576
77586
77588
77605
77606
77611
77616
77629
77635
77640
77657
77662
77663
77668
77673
77678
77685
77691
76561
77692
77713
77715
77717
77722
77725
77734
77760
77766
77772
77775
77776
77783
77785
77788
77793
77797
77802
77824
77839
77844
77852
77856
77857
77078
77859
77864
77866
77868
77871
77882
77890
77911
77916
77936
77938
77948
77950
77953
77954
77956
77966
77967
77972
77976
77980
77982
77418
77983
77987
77990
77993
77998
76005
76010
76012
76015
76019
76024
77456
76029
76041
76702
76043
76051
76052
76062
76064
77677
76066
76074
76077
76092
76104
76107
76109
76114
76123
76127
76128
76133
76137
76140
76141
76142
76143
76149
76155
76035
76685
76157
76170
76172
76173
76177
76186
76193
76195
76196
76199
76203
76205
76213
76219
76224
76227
76228
76229
76239
76242
76246
76247
76257
76258
76261
76262
76264
77945
76270
76272
76275
76277
76282
76283
76290
76292
76299
76300
76310
76315
76745
76324
76330
76340
76344
76349
76350
76354
77027
76360
76371
76373
76375
76381
76386
76388
76392
76394
77653
76400
76417
76419
76393
76420
76427
76998
76435
76450
76986
76461
76473
76474
76476
76491
76497
76499
76505
76508
76428
76516
76519
76528
76529
77701
76538
76541
77042
76542
76548
76554
76558
77817
76916
76560
76578
76581
76582
76584
76585
76586
76587
76588
76597
76763
76601
76605
76606
76608
76626
76634
76636
76637
76648
76655
76657
76658
76659
76664
76666
76667
76673
76674
76249
76678
76686
76688
76695
76700
76049
76703
76706
77154
76710
76716
76719
76721
76728
76730
77229
76741
76753
77440
76758
76760
76765
76766
76768
77136
76774
76791
76798
76800
76805
76808
76815
76816
76822
76827
76828
76830
76832
76834
76838
76845
77339
76847
76858
76865
76869
76871
76875
76896
76891
76898
76905
76906
76767
76908
76910
76565
76919
76920
76923
76925
76929
76935
76943
76948
76949
76956
76961
76962
76963
76974
76976
76984
76988
76993
76995
77003
77005
77009
77011
77012
77016
77019
77022
77197
77028
77033
77040
77052
77054
77059
77529
77061
77066
77070
77072
77862
77082
77085
77088
77090
77094
77095
77115
76287
77122
77135
77138
77139
77142
76714
77157
77159
76624
77160
77169
77171
77175
77177
77900
76307
77182
77195
77203
77205
77216
77218
77220
76746
77232
77235
77242
77243
77249
77250
77251
77261
77263
77265
77267
76526
77504
77278
77280
77283
77285
77300
77301
77314
77316
77319
77329
77331
77332
77333
77336
77337
77343
77365
77368
77369
77371
77377
77378
77384
77385
77396
77397
77402
77413
77867
77417
77431
77434
77436
77437
77439
77453
77454
77455
77462
77467
77468
76806
77472
77478
77482
77487
77492
77507
77511
77512
77049
77514
77062
77530
77537
77539
77541
77542
77546
77549
77550
77784
77559
77564
77567
77569
77577
77581
77587
77595
77597
77601
77608
77609
77610
77614
77620
77626
77632
77636
77639
77643
77644
77647
77651
77655
77660
77670
77675
77684
77686
76460
77689
77700
77708
77709
77711
77714
77716
77719
77731
77740
77747
77751
77754
77756
77761
77764
77765
77769
77778
77561
77786
77794
77814
77815
77823
77825
77826
77828
77832
77834
77837
77846
77850
77854
77858
77863
77865
77869
77872
77875
77926
77878
77889
77893
77895
77898
77905
77907
77910
77914
77917
77919
77921
77925
77927
77928
77929
77939
77942
77961
77962
77963
77973
77975
77984
77985
77988
77999
76002
76006
76008
76011
76013
77129
76018
76025
76026
76877
76030
76158
76056
76060
76061
76067
76069
76337
76996
76082
76086
76087
77193
76089
76099
76498
76113
76122
76129
76136
76147
76150
76154
76162
77223
76165
76178
76500
76191
76204
76218
76221
76222
76223
76235
76240
76684
76253
76254
76255
76266
76268
76273
76284
76291
76293
76297
76302
76305
77190
76314
76080
76319
76040
76325
76332
76333
76335
76347
76353
77827
76356
76365
76366
77525
76377
76404
76408
77299
76412
76431
76434
77637
77355
76452
76458
76459
77690
76900
76462
76795
76468
76477
76480
76481
76425
76483
76485
76486
76487
76494
76198
76503
76506
76512
76515
76531
76535
76540
76543
77327
76544
76569
76572
76576
76579
76591
77572
76599
76604
76612
76614
76617
76619
76623
76625
76633
76635
76643
76651
76652
76656
76660
76669
76672
76676
76697
76698
76704
76708
76723
76725
76726
76732
76734
76738
76742
76743
76327
76755
76603
76764
76769
76779
76784
76785
76788
76793
76796
77477
76807
76810
76817
76818
76820
76823
76829
76836
76837
76839
76844
76850
76856
76860
76864
76032
76884
76885
76888
76238
76890
76892
76893
76463
76902
76904
76912
76913
76914
76917
76930
77305
76933
76953
76970
76972
76973
76985
76469
76990
76991
76992
77000
77006
77007
76230
77010
77023
77026
76363
77030
77034
76370
77039
77050
77055
77063
77064
77067
77069
77073
77074
77075
77077
77080
76058
77092
77109
77112
77119
77120
77123
77124
77126
76022
77130
77133
77134
76781
77145
77147
77148
77153
77164
77165
77172
77181
77191
77194
77201
77204
77212
77213
77214
77221
77222
76171
77227
77231
77238
77239
77247
77248
77257
77258
77260
77266
77268
77273
76589
77277
77286
77289
77291
77296
76951
77617
77311
77315
77324
76564
76855
77342
77348
77356
77358
77359
77363
76048
77374
77375
77379
77383
77389
77390
77391
77394
77146
77395
77401
77403
77406
77178
77411
77424
77427
77432
77433
77442
77445
77447
77457
77463
77466
77470
77474
77475
77476
77480
77485
77486
77495
77496
77501
77506
77509
77522
77523
77534
77535
77543
77547
77548
77553
77555
77558
77571
76600
77578
77584
77590
77591
77592
77599
77603
77604
77613
77622
77621
77627
77630
77631
77645
77646
77648
76410
77362
77656
77658
77661
77667
77669
77671
77674
77679
77680
77681
77688
77697
77698
77704
77720
77724
77733
77735
77738
77739
77746
77245
77749
77758
77771
77773
77779
77789
77791
77796
77800
77801
77804
77810
77811
77813
77892
76539
77840
77842
77843
77845
77860
77861
77870
77876
77884
77894
77032
77896
77909
77912
77920
77886
77937
77941
77947
77951
77952
77970
77978
77994
77995
77340
77997
76016
76042
76045
76065
76068
76076
76079
76939
76320
76105
76106
76110
76115
76116
76121
76124
76139
76144
76148
76168
76169
76174
76175
77479
77579
76184
76185
76192
76207
76209
76211
76214
76215
76225
76226
77018
76236
77881
76237
76248
76250
76274
76276
76278
76286
77131
76295
76296
76298
76304
76322
76326
76083
76338
76341
76342
76348
76351
76355
76358
76359
76369
77045
76374
76382
76383
76385
76391
76397
76399
76401
76402
76409
76413
76414
76421
76423
76424
76517
76432
76444
76445
76451
76454
76457
76467
76482
76493
76495
76118
76501
76511
76513
76523
76525
77276
76527
76530
76533
76534
76536
76571
76553
76556
76559
76562
76566
76575
76583
76598
76613
76616
76627
76693
76639
76642
76644
76646
76649
76650
76661
76668
77116
77885
76675
76694
76699
76707
76711
76713
76426
76720
76731
76736
76737
76739
76740
76744
76756
77880
76757
76773
76777
76782
76786
76790
76794
77768
76472
76799
76803
76811
76813
76821
77481
76824
76831
76833
76840
76981
76848
76863
76874
76876
77048
76880
76901
76907
76911
76926
76938
76098
76940
76946
76950
76958
76960
76966
76978
76857
76982
76983
76085
76449
77001
77015
77020
76592
77906
77044
76903
77519
77076
77093
77096
76234
77097
77103
77108
76682
77118
77125
77158
77128
77152
77155
77166
77170
77183
77192
76091
77196
77198
77200
77208
77226
77233
77234
77236
77237
77712
77246
77264
77281
77284
77287
77295
77557
77297
77302
77307
77313
77317
77318
76466
77321
77334
77335
77361
77366
77367
77373
77380
77382
77387
77393
77408
77412
77986
77423
76887
77426
77443
77450
77451
77460
77469
76179
76826
77483
77488
77490
77491
77493
77497
77499
77516
77762
77524
76729
77527
77540
77544
77551
77552
77554
76416
77562
77563
77566
77570
77574
77582
77589
77594
77596
77600
77602
77623
77625
77628
77633
76438
77638
77642
77664
77666
77282
76647
77687
77694
77695
77696
77703
77707
77259
77718
77723
77726
77736
77737
77742
77753
77755
77767
76797
77770
77774
77780
77787
77790
77806
77808
77809
77812
77816
77821
77829
77831
77833
77836
77838
77841
77847
77849
77851
77855
77419
77877
77879
76160
77887
77891
76362
77897
77189
77904
77918
77922
77931
77933
77943
77944
76271
77949
77955
77960
77964
77968
77977
77989
77991
77996
76017
76028
76038
76331
76044
76050
76075
76084
76096
77029
76100
76125
76132
76134
76145
76146
76153
76159
77777
76161
76164
76181
76182
76189
76202
76217
76231
76251
76256
76285
76288
76289
76303
76316
76318
76323
76334
76357
76367
76380
76390
76395
76415
76418
76429
76437
76439
76440
76456
77322
76470
76475
76478
76492
76520
76521
76549
76550
76563
76577
77682
77035
76594
76595
77162
76628
76632
76640
76645
76662
76683
76641
76701
76724
76368
76748
76771
76789
76812
76851
76867
76878
76883
76886
76922
76927
76944
76954
76955
76957
76959
76979
76980
76994
76997
76999
77014
77017
76621
77021
77513
77036
77046
77056
77079
77098
77105
77117
77156
77185
77186
77215
77217
77230
77241
77752
77253
77290
77294
77298
77303
77312
77323
77325
76009
77345
77350
77351
76376
77381
77422
77444
77446
77452
76034
77494
77498
77503
77505
77515
77521
77533
77538
77565
77568
77575
77583
77585
77598
77619
77641
77649
77650
77665
77676
77693
77706
77710
77729
77743
77750
77757
77759
77781
77782
77883
77799
77819
77835
77853
77874
76761
76245
77899
77908
77932
77946
77959
77965
77981
76007
76023
76036
77106
76090
76108
76135
77473
76138
76183
76216
77100
76294
76309
76317
76328
76329
76339
76343
76352
76364
76751
77416
76405
76407
76484
76443
76479
76489
76570
76852
76580
76618
76620
76653
76681
76705
76717
76722
76825
76846
77652
76596
76868
76873
76759
76932
76934
76969
76971
76975
77002
77037
76546
77047
77060
77084
77089
77101
77102
77104
77110
77173
77188
77031
77202
77211
77219
77224
77228
77256
77279
77292
77328
77341
77372
77376
77407
77425
77429
77461
76151
77560
77580
77624
77634
77702
77705
77721
77741
77744
76163
77798
77803
77807
77822
77888
77902
77913
77923
77934
77958
76078
76081
76194
76243
76433
76488
76537
76574
76689
76750
76776
76778
76842
76861
77025
77071
77086
77398
77150
77420
77269
77272
77414
77438
77459
77518
77528
77536
77607
76509
77618
76859
77659
77683
77699
77728
77745
77805
77820
76715
77818
77924
77935
77974
76188
76244
76346
76422
76441
76522
76593
77024
76909
76787
76872
77068
77206
77399
77730
76047
76590
