74014
74823
75076
74018
74031
74035
74050
74054
74069
74095
74099
74115
74125
74129
74162
74172
74184
74215
74220
74230
74234
74252
74269
74363
74396
74429
74477
74488
74512
74518
74546
74565
74580
74586
74643
74664
74698
74707
74736
74800
74858
74890
74892
74946
74412
74976
74983
74994
75005
75027
75046
75063
75109
75111
74151
75117
75159
75187
75188
75190
75206
75213
75224
75228
75244
75534
75267
75283
75289
75373
75388
75446
75466
75491
75536
75545
74336
75564
75300
74712
75602
75648
75665
75732
75733
75763
75800
75863
75877
75924
75930
75942
75958
75974
75982
75993
74008
74010
74016
74019
74058
74063
74766
74068
74083
74098
74102
74114
74124
74131
74132
74135
74138
74141
74142
75148
74157
74170
74173
74176
74177
74182
74186
74191
74198
74199
74202
74205
74208
74225
74256
74282
74229
75688
74295
74313
74349
74371
74372
74375
74394
74400
74403
74411
74416
74420
74833
74425
74439
74443
74446
74459
75219
74093
74527
74462
74495
74496
74505
74506
74509
74511
74523
74484
74530
74533
74536
74545
74548
74562
74564
74568
74569
74573
74575
74577
74584
74585
74587
75132
74598
74613
74618
74624
74637
74639
74648
74659
74667
74684
74687
74688
74689
74692
74700
74725
74730
74737
74746
74748
74758
74762
74776
74804
74130
74812
74827
74829
74836
74861
74866
74871
75747
74867
74894
74895
74900
74904
74910
74916
74919
74947
74957
74958
74962
74974
74986
75003
75007
75015
75017
75018
75020
75022
75023
75025
75032
75045
74967
75052
75062
75066
75074
75077
75078
75080
75082
75101
75419
75102
75121
75129
74599
74217
75138
75145
75146
75149
75151
75152
75161
75164
75185
75197
75201
75208
75214
75216
75235
74257
75529
75238
75263
75474
75275
75298
75299
74040
75310
75330
74235
75334
75336
75344
75374
75375
75381
75386
75390
75393
75394
75396
75404
75408
75416
75417
75427
75432
75434
75448
75450
75453
75456
75464
75465
75468
75469
75788
75296
75478
75512
75514
75519
75525
75538
75540
75556
75575
75577
75579
75591
74731
75599
75603
75606
75615
75618
75619
75621
75624
75629
75638
75642
75644
75650
75661
75666
75678
75683
75685
75705
75706
75709
75710
75721
75724
75726
75728
75740
75744
75750
75752
75753
75759
75762
75769
75775
75785
75476
75790
75793
75795
75802
75805
75814
75819
75842
75845
75853
75869
75878
75898
75847
75899
75914
75915
75935
75938
75941
75946
75955
74409
75957
75977
75988
75992
74000
74005
74021
74037
74038
74044
74045
74369
74048
74060
74061
74062
74064
74065
74066
74071
74073
74074
74081
74085
74088
74090
74091
74097
74101
74116
74120
74134
75610
74137
74144
74147
74150
74152
74155
74156
74164
74180
74185
74190
74195
74200
74203
74212
74214
74216
75140
74221
74227
74228
74243
74245
75343
75245
74246
74266
74271
74275
74284
74286
74287
74291
74293
74294
75457
74297
74305
74308
74310
74316
74320
75578
74922
74327
74343
74344
74346
74351
74352
74353
74356
74367
74368
74051
74374
74377
74381
74386
74390
74391
74392
74398
74401
74402
74406
74407
75959
74410
74413
74417
74424
74775
74427
74434
74440
74778
74441
74457
74458
74466
74469
74471
74473
74474
74475
74476
74486
74489
74497
74501
74502
74642
74504
74393
74023
74508
74531
74532
74539
74543
74549
74558
74560
74596
75358
74600
74604
74611
74616
74621
74625
74629
74634
74638
74330
74641
74655
74656
74657
74661
74666
74669
74676
74677
74679
74541
75315
75409
74691
75157
74701
74704
74705
74706
74708
74719
74726
74728
74729
75600
74741
74744
74745
74749
74751
74752
74754
74768
74494
74770
74779
74791
74794
74797
74799
74801
74805
74806
74809
74816
74817
75803
74822
74826
74830
74831
74027
74187
74832
74067
74841
74855
74857
74869
75560
74325
74877
74902
74903
75437
74034
74909
74931
74933
74940
74945
74949
74954
74955
74960
74467
74964
74969
74972
74979
74980
74987
74991
74992
75000
75001
75002
75004
75008
75252
75019
75029
75030
75031
75034
74874
75035
75893
75037
75039
75040
75051
75054
75055
75056
75068
75069
75070
75071
75088
75089
75092
75100
75106
75671
75110
75125
75126
75128
75150
74127
75153
75167
75175
75179
75180
75182
75186
75189
75191
75398
75196
75200
75203
75204
75207
75212
75220
75221
75237
75241
74263
75028
75258
75260
75264
75282
75287
74798
75291
75309
75312
75314
75316
75317
75318
75323
75325
75333
75338
75339
75351
75353
75354
75355
75357
75362
75367
75372
75376
75377
74395
75379
75384
75385
75397
75401
75406
74699
75410
75411
75414
75415
75103
75423
75426
75429
75430
75431
75440
75447
75449
75451
75463
75472
75480
75481
75482
75483
75486
75501
75505
75691
75506
75515
75516
75518
75527
75251
75531
75904
75272
75546
75547
75548
75563
75567
75866
75569
75572
75574
75583
75584
75588
75593
75597
75598
75612
75616
75622
75626
75627
75630
75633
75634
75636
75641
75647
75652
74154
75656
75123
75646
75684
75689
75690
75509
75694
75696
75698
75712
75713
75714
75551
75715
75722
75730
75731
75737
75739
75741
75742
75743
75745
75746
75755
75757
75766
75767
75768
75770
75772
75774
75784
75786
75801
75807
75808
75810
75813
75816
75818
75823
75833
74898
75835
75844
75846
75906
75851
75852
75857
75860
75865
74076
75867
75871
75873
75875
75880
75886
75889
75896
75903
75539
75907
75908
75909
75910
75911
75919
75937
75949
75951
75953
75956
75962
75964
75966
75968
75972
75984
75985
75994
74003
74004
75781
74006
74009
74011
74012
74015
74022
74025
74834
74029
74032
75205
74033
74041
74043
74046
74052
74055
74851
74070
74075
75870
74100
74087
74089
74096
74105
74107
74110
74113
74119
74128
74814
74145
74148
74153
75660
74160
74163
74166
74168
74169
74174
74178
74179
74196
74197
74201
74204
74207
74209
74210
74211
74222
74223
74307
74233
74236
74815
74239
74247
75507
74253
74260
74267
74276
74280
74281
74298
74299
74303
74304
74306
74314
74324
74331
74333
75892
74339
74347
74348
74358
74362
74364
74370
74376
74378
74382
74385
74404
74408
74421
74423
74426
74428
74442
74449
74452
74453
74460
74472
74480
74482
74490
74492
74498
74499
74503
74510
74514
74515
74525
74526
74529
74534
74535
74540
74552
74561
74563
74566
74572
74581
74583
74588
74592
74593
74594
74597
74605
74608
74609
74614
75265
74615
74622
74630
74631
74633
74640
74644
74645
74646
74651
74665
74668
74671
74672
74674
74675
74685
74690
74693
74694
74703
74710
74711
74716
75980
74721
74724
74727
74735
74740
75576
74755
74772
74455
74780
74785
74786
74787
74789
74793
74795
74753
74810
74818
74820
74828
74844
74845
74852
74856
74859
74862
74864
74868
74870
74884
75036
74881
74886
74733
74887
74907
74908
74913
74914
74917
74923
75836
74927
74930
74932
75637
74936
74941
74557
74943
74513
74951
74961
74963
75059
74968
74126
74977
74985
74993
74995
74997
75009
75012
75014
75021
75024
75043
75945
75044
75053
75057
75058
75064
75067
75072
75075
75079
75083
74289
75084
75086
75087
75094
75097
75098
75099
75105
75107
75115
75116
75119
75130
75131
74171
75134
75136
75139
75141
74702
75168
75169
75170
75174
75178
75184
75193
75199
75223
75226
75229
75230
75233
75256
75270
75276
75281
75286
75288
75293
75304
75307
75308
75326
75327
75177
75331
75341
75342
75345
75348
75349
75350
75356
75359
75452
75365
75389
75392
75412
75413
75421
75422
75435
75461
75467
75033
75470
75475
75477
75487
75489
75490
75493
75494
75497
75500
74149
75504
75510
75511
75517
75521
75522
75523
75524
75528
75535
75544
75549
75550
75552
75558
74595
75559
75566
75573
75581
75586
75589
75590
75592
75604
75605
75625
75628
75631
75639
75640
75651
75654
75655
75657
75659
75664
75669
75670
75672
75673
75677
75681
75682
75692
75699
75700
75711
75719
75734
75735
75738
75748
75749
75751
75756
75758
75765
75771
74007
75789
75791
75952
75792
75806
75809
75817
75821
75822
75824
75831
74929
75837
75839
75843
75848
75849
75854
75859
75862
75864
75570
75868
75872
75874
75879
75881
75882
75895
75905
75917
75920
75921
75923
75925
75932
75933
75948
75963
75969
75970
75971
75975
75976
75979
74722
75981
75987
75989
75990
74590
74013
74555
74028
74039
74042
74047
74053
74056
74057
74059
74078
74079
74084
74092
74103
74106
74109
74111
74117
74121
75050
74122
74139
74143
74146
74158
74159
74165
74167
75135
74175
74181
74189
74192
74193
74206
74321
75815
74213
74238
74627
74240
74620
74242
74268
74274
74277
74278
74279
74283
74292
74302
75553
74312
74319
74322
74323
74326
74329
74332
74337
74338
74345
74354
74360
74365
74366
75407
74379
74387
74547
74389
74415
74419
74422
74431
74435
74436
74847
74437
74445
74418
74448
74837
74461
74464
74465
74468
74470
74478
74479
74485
74774
74500
74953
74516
74519
74520
74524
74537
74538
74542
74554
74036
74559
74567
74574
74578
74383
74579
74603
74747
74606
74612
74632
74635
74650
74652
74658
74663
74670
74673
74678
74682
74697
75686
74715
74738
74739
74607
74757
74759
74764
74767
74781
74784
74790
74796
75295
74802
74803
74807
74811
74825
74438
74463
75209
74839
74850
74853
74854
74863
74865
74872
74873
74875
74876
74879
74880
74882
75278
75399
74883
74896
74905
74911
74915
75928
74925
74948
74959
74965
74971
74973
74978
74989
75013
75160
75026
75073
75271
75081
75095
75096
75118
75120
75124
75495
75142
75041
75176
75337
75195
75202
75319
74846
75210
75215
75217
75218
74966
75222
75227
75234
75236
75239
75240
75249
75253
75254
75259
75261
75262
75269
75279
75284
75290
75292
75301
75303
75305
75306
75311
75321
75322
75328
74571
75329
74251
75352
75364
75366
75368
75371
75378
75383
75387
75391
75395
75198
74891
75403
74582
75420
75424
75425
75428
75436
75438
75439
75441
75442
75369
75454
75455
75458
75459
75462
75479
75488
75144
75496
75498
75499
75502
74254
75513
75526
75530
75532
75541
75542
75543
75561
75565
75568
74760
75582
75587
75594
75596
75601
75607
75608
75609
74140
75617
75632
74938
75643
75653
75658
75663
75667
75668
75675
75687
74311
75693
75695
75697
75718
75729
74885
75754
75761
75764
75776
75782
75783
74447
75787
75798
75811
74237
75820
75825
74788
75828
75832
75834
75680
75702
75838
75858
75884
75047
75885
74341
75038
75897
75902
75912
75913
75926
74937
75929
75936
75940
75947
75950
75954
75978
75983
75986
75995
75999
74001
74017
74020
74072
74082
74094
74108
74123
74232
74981
74183
74188
74218
74219
74224
74226
74231
74248
74249
74255
74259
74261
74262
75939
74264
74272
74285
74288
74300
74315
74317
74649
74952
74335
74342
74350
74357
74373
74380
74388
75382
74399
75645
74414
74450
74456
74481
74493
74517
74550
74551
74556
74950
75340
74576
74591
74617
74250
74623
74636
74507
74653
74654
74662
74681
74686
74709
74713
74734
74714
74723
74732
74717
74742
74813
74761
74763
74077
74771
74773
74433
74777
74782
74783
74792
74819
74821
74838
74842
74843
74444
74860
74878
74893
75841
74899
74906
74921
74926
74928
74934
74935
74942
74970
74975
74984
74990
74999
75006
75010
75016
75804
75042
75048
75061
75065
75108
75113
75122
75127
75133
75137
75143
75155
75156
75165
75166
75173
75194
75211
75225
75231
75246
75248
75255
75257
74619
75266
75268
75273
75274
75277
75285
75611
75320
75324
75332
75346
75347
74601
75370
75595
75380
75433
75444
75445
74301
75460
75484
75485
75492
75503
75537
74318
75554
75555
75557
75580
75613
75620
75623
75649
75662
75676
75701
75856
75703
75707
75723
75725
75727
75760
75773
75778
75779
75780
75891
75812
75826
75840
75850
75861
75876
75883
75887
75900
75922
75931
75934
75049
75794
75960
75961
75965
75967
75991
75996
75998
74528
74049
74080
74086
74104
74118
74136
75508
75247
74270
74290
75916
74296
74901
74355
74361
74397
74432
74451
74521
74695
74544
74522
74553
74570
74589
74024
75562
74602
74626
74241
74720
74897
74756
74769
74244
74848
74918
74924
74939
75585
75011
75162
75060
74026
75093
75104
75112
75114
75154
75163
75171
75181
75183
75192
75242
75243
75091
75294
75360
75363
75405
75418
75443
75471
75533
75716
74889
75571
74328
75614
75796
75674
75679
75704
75717
75720
75777
75799
74824
75888
75890
75894
75335
75918
75927
75997
74002
74030
74920
74483
74133
74840
74258
74273
75085
74309
74359
74384
74405
74982
74430
74487
74628
74660
74683
74743
74765
74808
74835
74849
74340
74956
74998
75473
75172
75250
74888
75280
75297
75313
74696
75400
74912
75520
75635
75708
75736
75797
75827
75901
74265
75943
75973
74112
74161
74194
74334
74454
74610
74647
74680
74750
75829
74988
74996
75090
75158
75232
75302
75361
75402
75855
75830
75944
74491
74718
