10014
11633
11306
10032
10120
10140
10191
10251
10256
10310
10332
10342
11969
10347
10451
10485
10493
10508
10527
10529
10531
10532
10539
10583
10591
10601
10659
10670
10671
10716
10738
10748
10844
10861
10871
10875
10878
10907
11956
10911
10973
10997
11094
11101
11109
11156
11203
11236
11254
11257
11780
10403
11316
11421
11422
11442
11459
11469
11490
11504
11508
11552
11562
11597
11601
11614
10245
11643
11710
11766
11777
11821
11833
11846
11882
11888
11896
11901
11915
11920
11945
10006
10008
10009
10011
10017
10019
10034
10036
10037
10050
10051
10056
10062
10071
10074
10076
10078
10079
10091
10094
10105
10107
10116
10126
10129
10136
10137
10146
10151
10154
10160
10165
10170
10201
10206
10215
10222
10226
10231
10237
10248
10252
10260
10262
10263
10279
10285
10286
10288
11865
10296
10316
10319
10320
10321
10323
10329
10333
10339
10341
10344
10353
10364
10366
10376
11938
10389
10405
10413
10414
10426
10438
10444
10450
10452
10459
10472
10474
10475
10483
10491
10196
10500
10510
10512
10523
10537
10566
10574
10581
10592
10593
10595
11779
10608
10624
10630
10647
10662
10672
10681
10692
10694
10702
10730
10732
10734
10737
10741
10742
10749
10754
10760
10769
10778
10781
10794
10797
10798
10088
10801
10808
10812
10821
10823
10827
10849
10853
10866
10868
10870
10887
10888
10895
10906
10908
10909
10910
10917
10933
10940
10942
10954
10959
10509
10968
10979
10985
10988
10998
11004
11014
11016
11035
11038
10542
10779
11054
11062
11064
11066
11107
11068
11085
11088
11097
11112
11114
11116
11120
11125
11260
11126
11144
11160
11161
11179
11197
11200
11213
11217
10803
11220
11235
11237
10547
11238
11248
11255
11266
11843
11270
11288
11290
11295
11299
11321
11328
11334
11344
11346
11349
11356
11375
11379
11394
11395
11403
11409
11412
11414
11436
11437
11440
11441
11448
11455
11473
11476
11489
11492
11501
11503
11505
11513
11529
11531
11566
11567
11569
11588
11592
11596
11602
11609
11611
11650
11656
11658
10144
11663
11676
11692
11724
11725
11745
11747
11748
11765
11767
11768
11773
11778
11783
11786
11787
10046
11790
10944
11817
11850
11856
11861
11867
11875
11911
11912
11925
11927
11936
11939
11947
11963
11964
10437
11984
11986
11987
10001
10003
10004
10007
10010
10021
10022
10025
10029
10038
11470
10040
10060
10061
10063
11712
10065
10068
10069
10070
10075
10081
10082
10085
10087
10807
10095
10096
10102
10108
10118
10119
10123
10124
10127
10139
10143
10147
10150
10152
10155
10162
10163
10177
10178
10181
10186
10192
10506
10757
10204
10210
10212
10213
10219
10221
10225
10227
10229
11099
10233
10241
10243
10246
10254
10259
11150
10261
10267
10268
10269
10271
10272
10274
10277
10283
10289
10303
10305
10313
10327
10334
10336
10346
10354
10355
10356
10360
10361
10371
10372
10378
10386
10387
10393
10402
10407
10408
10419
10420
10424
10430
10431
10432
10436
10442
10446
10448
10454
10455
10457
10462
10467
10468
10469
10470
10471
10478
10481
11669
10982
10489
10503
10505
10511
11852
10516
10519
10521
10525
10536
11243
10551
10553
10736
10555
10559
10560
10562
10565
10244
10568
10573
10579
10584
10585
10594
10597
10603
10605
10611
11720
10616
10627
10628
10629
10631
10169
10639
10650
10651
10653
10657
10664
10665
10673
10675
10677
11115
10685
10690
10696
10697
10699
10700
10706
10708
10709
10711
10713
10717
10718
10044
10719
10723
10727
10743
10745
10751
10755
10762
10763
10766
10770
10775
11872
10777
10791
10793
10795
10800
10802
10804
10806
10813
10815
10818
10824
10473
10825
11171
10835
10840
10841
10092
10852
10856
10857
10862
10869
10876
10885
10891
10893
10877
10894
10903
10904
10912
10914
10920
10922
10924
11699
10949
11135
10953
10962
10963
10964
10972
10974
10975
10977
10495
10986
10987
10993
10994
11005
11008
11009
11015
11019
11023
11036
11584
11805
11039
11049
11050
11051
11221
11056
11067
11069
11071
11074
11076
11087
11622
11092
11098
11103
11106
11108
11128
11132
10956
11142
11143
11151
11155
11158
11172
11174
11183
11184
11186
11187
11207
11209
11218
11223
11232
10179
11244
11247
10682
11251
11145
11256
11259
11137
11262
11264
11265
11267
11268
11275
11279
11285
11287
11292
10133
11294
11302
11104
11304
11386
11314
11728
11322
11325
11326
11332
11333
11340
11342
11198
11350
11352
11353
11360
11366
11369
11377
11381
11318
11390
11396
11405
11406
11410
11413
11415
11418
11425
11426
11429
11078
10544
11443
11453
11456
11457
11458
11466
10052
11471
11509
11481
11491
11494
11496
11498
11506
11488
11510
11514
11517
11518
11519
11520
11521
11525
11527
11540
11384
11544
11548
11556
11559
11211
11560
11574
11576
11582
11585
11590
11607
11608
11615
11617
11620
11624
11628
10340
11634
11639
11646
11647
11657
10156
10492
11675
11677
11678
11691
11695
11701
11714
11715
11323
11731
11732
11737
11740
11742
10111
11753
11764
11771
11776
11781
11785
11796
11801
11803
11809
11815
11822
11826
11828
11829
11280
11844
11858
11468
11859
11864
10309
11873
10710
11874
10989
11884
11891
11892
11895
11905
11909
11914
11916
11922
11928
11929
11931
11937
10392
11941
11686
11949
10958
11962
11968
11971
11972
11973
11975
11980
11981
11000
11982
11993
11996
11997
10000
10013
10020
10027
10030
10031
10039
10041
10043
10722
11813
10048
10049
10053
10058
10066
10072
10097
10099
10104
10106
10109
10130
11300
10134
10135
10142
10153
10157
10161
10166
11222
10167
10173
10175
10184
10379
10187
10193
10194
10195
10197
10198
10199
10200
10205
10538
10207
10220
10223
10224
11317
10234
10250
10253
10258
10280
10281
10290
11586
10294
10304
10306
10307
10315
10317
10016
10331
10338
11637
10343
10345
10348
10351
10352
11225
11587
10363
11025
10373
10384
10397
10399
11398
10404
11373
11417
10409
10423
10425
10427
10429
10434
10435
10440
11331
10445
10449
10453
10458
10465
10466
10477
10934
10479
10482
10488
10490
10494
10497
10498
10504
10513
10514
10518
10528
10530
10750
10540
10545
10546
10552
10556
10558
10561
10569
10576
10580
10582
10587
10589
10596
10604
10612
10618
10625
10626
11320
10632
10646
10648
10652
10654
10655
10656
10658
10660
10661
10663
11289
10674
11253
10686
10695
10698
10701
10703
10704
10705
10707
10714
10720
10721
10728
10731
11610
10735
10744
10746
10752
10753
10756
10208
10764
10767
10773
10774
10776
11746
10782
10785
10786
10805
10820
10822
10831
10832
10064
11165
10843
11329
10851
10858
10860
10867
10872
10874
10902
10882
10884
10890
10896
10897
10901
10915
10923
10925
10927
10930
10932
10938
10943
11849
10945
10955
10965
10967
10978
10981
10983
10995
11001
11002
11003
11018
11024
11029
11030
11032
10873
11037
11043
11044
11046
11047
11048
11052
11053
11063
11033
11075
11447
11082
11789
11090
11117
11100
10098
11118
11121
11127
11131
11537
11133
11139
11141
11146
11147
11148
11154
11741
11157
11162
10848
11166
11168
11178
11180
10209
11181
11189
11191
11192
11193
11196
11202
11204
11208
11573
11214
11215
11227
11229
11793
11230
11233
11234
11239
11240
11261
11263
11276
11278
11281
11282
11284
11286
10680
11291
11293
11296
11297
11703
11791
11298
11313
10637
11330
11341
11343
11348
11354
11355
11359
11361
11363
11365
11368
11370
11378
11382
11546
11385
11388
11391
11392
11399
11401
11407
11416
11424
11438
11439
11464
11465
11862
11477
11479
11480
11482
11483
11495
11499
11507
11515
11524
11528
11533
11534
11535
11536
11541
11545
11550
11553
11565
11572
11577
11578
11580
10370
11595
11599
10740
11612
11613
11616
11893
11621
11623
11627
11629
11630
11641
11729
11642
11652
11655
11659
11661
11667
11670
11674
11679
11680
11681
11685
11689
11694
11697
11698
11702
11310
11704
11549
10447
11705
11708
11709
11711
11713
11716
11717
11718
11722
11723
11738
11751
11752
11754
11755
11756
11758
11761
11763
11769
11770
10613
11397
10236
11231
11795
10970
11797
11806
11807
11671
11808
11812
11818
11823
11825
11827
11830
11836
11837
11840
10247
11847
11857
11863
11880
11881
10577
11886
11907
11908
11910
11923
11926
11930
11933
11934
11946
11948
11958
11959
11974
11979
11983
11989
11991
11998
10005
10012
10015
10024
10026
10033
10035
10042
10057
10059
10073
10077
10080
10083
10086
10090
10093
10110
10101
11579
10114
10117
10121
10122
10128
10138
10312
10141
10148
11672
10645
10176
10180
10182
10183
10190
10202
10211
10217
10330
10228
10242
11274
11687
10265
10275
10278
10337
10291
10299
10301
10302
11164
10311
10324
10325
10326
10230
10349
10357
10358
10359
10369
10828
10374
10381
10382
10394
10395
10401
10406
10411
10412
10415
10416
10417
10422
10441
10443
10456
10463
10464
10829
10487
10496
10499
10501
11241
10507
10520
10522
10524
10534
10535
10543
10548
10564
10567
11065
10570
11890
10599
10600
10602
10607
10610
10623
10633
10638
10640
10642
10643
10649
10666
10667
10668
10679
10683
10687
10691
10693
10725
10765
10768
10771
10772
10788
10789
10796
10799
11228
10809
10810
10811
10816
10819
10826
10830
10833
10834
10839
10845
10846
10859
10865
10879
10883
10889
10892
10898
10899
10913
10918
10919
10921
10928
10480
10935
10937
10939
10941
10948
10950
10966
10969
11889
10990
10991
10992
10996
10999
11992
11010
11011
11013
11017
11020
11026
11027
11077
10571
11070
11073
11083
11086
11095
11105
11080
11110
10688
11119
11122
11124
11130
11134
11136
11258
11163
11167
11170
10837
11175
11188
11190
11199
11205
11212
11216
11226
11242
11757
11272
11308
11309
10484
11312
11319
11324
11707
11335
11338
11339
11345
11357
11364
10439
11372
11383
11387
11400
11411
11600
10421
11420
11423
10533
11428
11431
11434
11446
11452
11454
11461
11462
11467
11474
11486
11487
11502
11516
11522
11532
11138
11542
11543
11551
11555
11563
11568
11581
11589
11591
11598
11605
11606
11618
11619
11626
11631
11635
11638
11644
11649
11654
11660
11662
11665
11668
11811
11673
11683
11688
11690
11696
11700
10335
10622
11730
11734
11743
11744
11750
11760
11792
11775
11784
11782
11794
11362
11798
11045
11810
11820
11832
11839
11841
11845
10517
11866
11868
11870
11871
11883
11894
11897
11898
11899
11900
11918
11921
11924
11932
11935
11940
11943
11953
11954
11957
11960
11965
11966
11976
11978
11988
11990
11995
10002
10295
10018
10023
10045
10047
10847
10084
10854
10100
10113
10131
10132
10145
10149
10158
10159
11851
10164
10171
10174
10614
10185
10203
10218
10792
10232
10240
10273
10287
10297
11539
11721
10362
10368
10385
10388
10390
10396
10428
10433
10460
10249
10476
10515
11430
11185
10541
10549
10586
10588
10606
10189
10615
10634
10635
10641
10644
10669
10678
10684
10689
10726
10729
10739
10747
11055
10758
10761
11060
10790
10238
10814
10380
11511
10836
10864
11040
10881
10900
10929
10936
11855
10946
11804
10980
11007
11012
11021
11031
11041
11057
11061
11072
11869
11079
11091
11096
11113
11123
11129
11140
11152
11153
11169
11176
11177
11195
11201
11219
11224
11246
11250
11252
11269
11303
11305
11307
11315
11210
11327
11347
11367
11374
11435
11445
11450
11475
11485
11493
10863
11523
11530
11547
11706
11554
11558
11561
11564
11583
11042
11593
11594
11419
11603
11632
11648
11651
11653
11666
11684
11950
11693
10952
11645
11735
11736
11159
11749
11762
11311
11800
11802
11814
11816
11831
11835
11838
11842
11848
11854
10951
11860
11084
11877
11879
11952
11885
11902
11906
11942
11944
11951
11961
11967
11970
11999
10028
10054
10089
10103
11759
10125
10214
10216
10235
10572
11853
10255
10257
10276
10282
10300
10314
10365
10383
10391
10398
10461
10486
10526
11451
10550
10563
10575
10578
10292
10590
10619
10620
10621
10636
11878
10712
10715
11876
10780
10817
10850
10880
10886
10905
10916
11788
10926
10961
10188
11028
11034
11058
11089
11111
11149
10264
11664
11173
11182
11351
11206
10367
11337
10971
11249
11271
11273
10239
11301
10855
11336
11358
11371
11380
11389
11393
11404
11408
11427
11433
11444
11449
11463
11478
11484
11497
11500
11512
11526
11557
11570
11571
11575
10172
10115
11640
11682
11719
11726
11727
11733
10784
10947
11819
11834
10783
11887
11903
11913
11917
11955
11977
11985
11994
10055
10112
11245
10266
10284
10609
10293
10308
10328
10375
10377
10418
11376
10502
10554
10598
10617
10676
10733
10557
10759
10838
10931
10976
10984
11022
11081
11277
11799
11402
11432
11460
11472
10350
11625
10067
11739
11774
11824
10168
10787
11904
11919
11093
10270
10318
10322
10400
10842
10957
10960
11006
11102
11194
11604
11059
10410
11283
11772
10724
11538
