22027
23480
22132
22038
22051
22079
22085
22120
22127
22135
22136
22141
22169
22174
22183
22190
22220
22231
22235
22313
22360
22361
22364
22376
22398
22433
22477
22568
22637
22658
22677
22715
22756
22759
22778
22779
22799
22835
22847
22864
22870
22871
22877
22908
22992
22999
23014
23022
23152
23052
23064
23073
23100
23106
23116
23142
23153
23169
23220
23255
23274
23303
23311
23314
23323
23325
23326
23352
23372
23374
23417
23430
23474
23489
23496
23497
23549
23969
23562
23591
23647
23670
23681
23701
23722
23801
22977
23812
23827
23835
22266
23848
23888
23171
23904
23986
22001
22010
22017
22018
22026
22030
22036
22037
22046
22056
22058
22073
22078
22088
22097
22098
22104
22105
22112
22123
22137
22159
22165
22175
22179
22246
22204
22209
22217
22222
22233
22238
22241
22247
22267
22268
22269
22270
22271
22277
22279
22286
22288
22293
22308
22310
22314
22320
22327
22332
22296
22334
22349
22351
22355
22356
22357
22359
22368
22369
22746
22371
22374
22910
22388
22396
22412
23010
22426
22436
22440
22443
22447
22454
22457
22459
22478
22486
22506
22519
22535
22537
22538
22553
22559
22560
22571
22573
22576
22587
22591
22597
22606
22917
22607
22621
22513
22624
22694
22630
22640
22643
22651
22451
22655
22672
22675
22685
22699
23875
22730
22744
22761
22767
22792
22797
22804
22820
22830
22837
22838
22854
22857
22862
22865
22874
22875
22408
22887
22894
22898
22900
22391
22911
22915
22923
22063
23432
22924
22933
22936
22947
22949
22952
22962
22967
22971
22974
23823
23009
23013
23017
23019
23023
23024
23031
23035
23039
23046
23050
23055
23057
23060
23067
23069
23076
23077
23083
23085
23097
23126
23128
23168
23185
23192
23201
23219
23231
23248
23251
23289
23291
23296
23297
23298
23308
23312
23315
23322
23327
23328
23333
23187
23343
23354
23356
23361
23376
23377
23008
23387
23399
23403
23405
23409
23415
23421
23431
23438
23441
23442
23455
23464
23477
23482
23490
23500
23508
23511
23514
23534
23204
23536
23563
23566
23568
23571
23581
23590
23592
23595
23601
23607
23613
23619
23620
23625
23615
23627
23643
23651
23663
23666
23667
23669
23687
23692
23699
23700
23215
23706
23721
23725
23731
23733
23734
23739
23741
23746
23754
23762
23764
23774
23786
23790
23792
23795
23803
23805
23816
23817
23824
23842
23846
23847
23850
22107
23852
23868
23879
23890
23893
23910
23922
23924
23926
23932
23960
23990
23995
23996
22003
22004
22008
22009
22012
22025
22032
22035
22050
22061
22066
22068
22072
22074
22077
22087
22089
22092
22093
22095
22099
22106
22119
22131
22133
22134
22144
22147
22149
22152
22153
22168
22171
22172
22176
22184
23631
22188
22193
22194
22197
22205
22206
22210
22212
22216
22223
22225
22228
22232
22234
22245
22860
22208
22254
22262
22264
23864
22272
22281
22282
22285
22287
22291
22292
22301
22305
22309
22311
22316
22318
22323
22325
22326
22331
22336
22337
22338
22340
22342
22366
22367
22377
22380
22385
22386
22394
22407
22409
22410
22203
22418
22422
22423
22425
22431
22441
22444
22445
22446
22448
22458
22460
22463
22467
22468
22470
22473
22480
22482
22483
22491
22492
22498
22500
22503
22507
22520
22527
22534
22536
22539
22541
22545
23258
22546
22563
22566
22569
22570
22572
22892
22574
22578
22582
22586
22595
22604
22608
22613
22615
22618
22626
22629
22631
22632
22641
22646
22647
22659
22664
22670
22358
22673
22684
22691
22693
22695
22696
22701
22704
22707
22710
22716
22721
22729
22739
22749
22752
23989
22497
22753
22772
22787
22790
22796
22806
22810
22011
22812
22814
22816
22819
22005
22823
22829
22839
22845
22851
22859
22861
22867
22868
22869
22995
22876
22885
22889
22891
22895
22896
22901
23942
23806
22904
22913
22928
22931
22932
22935
22937
22942
22951
22956
22960
22963
22966
22968
22972
22975
22978
22984
22988
22991
23344
22993
23006
23007
23011
23025
23029
23038
23043
23044
23048
23054
22805
23056
23074
23075
22726
23078
23080
23082
23084
23088
23089
23091
23095
23098
23099
23109
23112
23118
23122
23127
23130
23133
23134
23139
23144
23145
23150
23154
23156
23159
23951
23161
23163
23172
23174
23180
23190
23195
23196
23199
23206
23210
23212
23214
23218
23224
23227
23238
23240
23242
23246
23254
23257
22558
23259
23262
23263
23270
23275
23281
23282
23288
23290
23301
23306
23331
23335
22817
23338
23341
23005
23346
23349
23533
23351
23360
23364
23365
23369
23382
23383
23386
23402
23406
23410
23412
23419
23425
22260
23427
22930
23437
23439
23448
23450
23451
23458
23463
23466
23467
23469
23470
23471
22706
23472
23486
22741
23487
23494
23519
23520
23525
23526
23528
23530
23531
23532
23541
23544
23546
23548
23555
22763
23558
23572
23129
23574
23587
23593
23594
23603
23610
23611
23612
23621
23628
23632
23633
23642
23644
23654
23662
23674
22111
23664
23677
23682
23684
23686
23695
23702
23703
23704
23715
23724
23732
23737
23870
23740
22922
23750
23757
23760
23768
23769
22660
23771
23779
23785
23799
23804
23811
23819
23822
23834
23838
23840
23841
23384
23843
23853
23857
23861
23862
23869
23873
23874
22419
22682
22732
23892
23899
23900
23901
23903
23905
23911
23912
23917
23929
23931
23162
23952
23956
23963
23965
23966
23968
23976
23977
23978
23980
23988
23997
22826
22016
22021
22024
22161
22031
22040
22041
22043
22044
22047
22049
22054
22062
22064
22067
22069
22071
22075
22076
22080
22081
22083
23481
22086
22103
22113
22114
22115
22117
22121
23552
22549
22122
22339
22045
22143
23499
22970
22994
22146
22163
22164
22167
22177
22178
22180
22185
22187
22815
22192
22201
22211
22213
22214
22219
22221
22226
22428
22229
22240
22243
22250
22255
22256
22257
23371
22258
22276
22283
22295
22347
22298
22299
22303
22304
22307
22312
22319
22321
22322
22330
22333
22138
22341
22343
22344
22350
22353
22365
22370
22375
22382
22384
22387
22392
22393
22397
22401
22404
22406
22414
23736
22417
22429
22437
22439
22666
22452
22456
22461
22139
22738
22465
23553
22479
22488
22499
22501
22511
22514
22516
22522
22523
22530
22531
22542
22543
22547
22548
22130
22551
22555
22564
22581
22583
22588
22592
22594
22599
22600
22620
22625
23028
22636
22645
22650
22652
22656
22657
22661
22665
23452
22668
22674
22680
22686
22688
22697
22698
22700
22702
23483
22399
22711
22713
22714
22718
22719
22731
22734
22736
22748
22750
22764
22768
22771
22776
22780
22782
22784
22794
22802
22803
23065
22807
22808
22811
23339
22822
22833
23777
22834
22843
22848
22852
22856
22858
22863
22872
22873
22878
22989
22879
22888
22575
22899
22902
23124
22903
22921
22925
22927
22929
22940
22945
22948
22950
22955
22959
22961
22980
22981
22982
22983
22986
22880
23148
22990
23001
23283
23397
23015
23018
23941
23020
23027
23032
23040
23042
23047
23051
23983
23053
23061
23062
23072
23081
23096
23102
23103
23107
23110
23113
23114
23115
23117
23120
23123
23125
23131
23132
23137
23735
23140
22883
23149
23155
23165
23167
23975
23173
23181
23182
23189
23193
23200
23203
22565
23207
23216
23221
23222
23225
23229
22775
23232
23237
23241
23243
23247
23250
23256
23260
22345
23261
23268
23271
23272
23273
23276
23278
23280
23284
23285
23293
23294
23299
23302
23304
23305
23313
23318
23319
23321
23324
23336
23345
23348
23362
23367
22261
23378
23380
23845
23385
23388
23390
23391
23394
23395
23396
23401
23413
23414
23416
22173
23420
23426
23428
23433
23436
23440
23443
23445
23446
23454
23456
23459
23462
22405
23468
23476
23484
23491
23495
23503
23504
23505
23507
23510
23513
23516
23518
23034
23522
23527
23538
23542
23545
23550
23551
22481
23696
23557
23575
23578
23583
22505
23585
23602
23605
23606
23608
23618
23629
23630
23635
23639
23645
23648
23650
23652
23653
23656
23659
23660
23661
23668
23675
23689
23697
23698
23709
23714
22259
23744
23747
23751
23753
23756
23758
23759
23766
23767
22737
23770
23775
23776
22678
23780
23783
23787
23788
23794
22912
23814
23818
23821
23832
23839
23851
23855
23856
23865
23866
22198
23742
23876
23877
23878
23881
23886
23887
23898
23906
23907
23909
23914
23919
23920
23921
23928
23930
23933
23934
23938
23021
23944
23947
23948
23953
23954
23955
23958
23967
23567
23971
23972
23985
23987
23991
23992
22060
22813
22015
22022
22028
22034
22048
22057
22059
22014
22926
22065
22082
22091
22096
22100
22102
22108
22109
22116
22118
22490
22124
22128
22140
22142
22274
22156
22170
23422
22181
22420
22207
22215
22227
22237
22248
22263
22265
22273
22278
22284
22294
22300
22302
22853
22315
23266
22348
22679
22362
22363
22379
23506
22390
22712
23309
22510
22400
22416
22430
22442
23295
22449
22453
22474
22475
22476
22485
22487
22489
22493
22494
22495
22502
23597
22508
22413
22512
23810
22526
22552
22557
22561
22562
22579
22585
22598
22603
22609
22610
22612
22614
22616
22628
22633
22644
22653
22654
22809
22662
23347
22671
22689
22639
22703
22705
22709
22720
22722
22723
22725
22733
22735
23493
22745
22751
22757
22758
22760
22762
22765
23090
22773
23234
22791
22793
22798
22801
22663
22200
22818
22821
22827
22828
23849
22836
22855
22882
22886
22893
22905
22916
22617
22918
22934
23453
22941
22946
23398
22953
22145
22969
22979
22987
22996
23003
23004
23012
23030
23036
23049
22611
23584
23066
23101
23104
23108
23121
22914
23586
23138
23146
23147
23151
23063
23157
23164
23176
23179
23183
23184
23350
23211
22567
23217
23249
23253
23265
23267
23269
23277
23366
22435
22450
23300
23307
23320
23329
23330
23337
23353
23358
23859
23368
23389
23392
22964
23400
23404
23658
23407
23418
23423
23434
23435
23447
23449
22943
23460
23465
22094
23485
23488
23502
22158
23509
23517
23521
23529
23535
22976
23547
23561
23565
23569
23570
23086
22484
23588
23598
23599
23614
23616
23622
23623
23624
23626
22191
23058
23634
23640
23641
23411
23672
23673
23679
23680
23683
23685
23688
23690
23691
23693
23694
23707
23708
23710
23711
23716
23726
23728
23729
23730
23717
23143
23748
23761
23763
23782
23784
23796
23797
23798
23800
23808
23809
23813
23815
23828
23830
23831
23880
23884
23885
23894
22496
23895
23897
23836
23902
23923
23935
23940
22906
23943
23946
23949
23950
23957
23738
23959
23979
23059
23994
23998
22000
22002
22006
22007
22013
22019
22717
22020
22029
22053
22084
22090
22101
23867
22129
22471
22154
22150
23609
22160
22162
22182
22189
22195
23872
22218
22239
22242
22244
22249
22253
23745
23429
22166
22275
22280
22289
22290
22297
22306
22329
22352
22378
22381
22389
22402
22415
23882
22434
22466
23589
22627
22515
22517
22518
22525
22528
22532
22580
22584
22590
22593
22728
23925
22596
22622
22648
22649
22683
22687
22690
22472
22740
22742
22373
22881
23560
22769
22777
22781
22785
22786
22795
22824
22825
22831
22832
22840
22920
22844
22850
22909
22919
23752
22938
22944
22954
22957
22973
22985
23512
22997
22998
23000
23002
23016
22642
23041
23087
23092
23094
23135
22554
23340
23136
23160
23166
23170
23175
23177
23188
23197
23198
23202
23205
23208
23209
23223
23226
23230
23235
23279
22890
23317
23332
23355
23359
23363
23287
23381
23393
23457
23461
23478
23479
23492
23498
23523
22529
23540
22126
23554
23564
23577
23579
23580
23582
23604
22033
23637
23617
23636
23655
23657
23665
23678
23712
23973
23718
23743
23749
23765
22841
23778
23793
23802
22544
23820
23825
23826
23916
23837
23844
22317
23858
23379
23871
23889
23908
23915
23918
23927
23937
23939
23961
23962
23974
23981
23982
22755
23993
22039
22635
22042
22055
22155
22157
22196
22199
22224
22455
22230
22335
22346
22354
22383
22403
23473
22411
22421
22424
22766
22438
22125
23896
22504
22509
22524
23543
22540
22550
23213
23228
22577
22589
22602
22605
23070
22623
22052
22638
22667
22681
22023
22724
23079
22747
22788
22789
22800
22842
22846
22252
22884
22897
22907
22939
23556
23037
23638
23071
22774
23093
23119
23186
23537
23720
23236
23239
23245
23264
23286
23310
23334
23158
23342
22676
23373
23424
23475
23964
23501
23559
23596
23600
23649
23676
23573
23705
23713
23719
23723
23727
22236
23755
23807
23829
23833
23854
23863
23913
22619
23936
23539
23970
23984
23999
22070
22110
22151
22186
22202
22328
22372
22432
22251
22469
22770
22521
22533
22634
23773
23781
23891
22692
22601
23772
22754
22866
22464
22849
22958
22965
23105
23111
23178
23191
23194
23233
23244
23252
23316
23370
23375
23408
23444
22669
22148
23357
23141
23576
23883
22427
23646
22556
22783
23026
23033
23524
23045
22395
23791
23671
22462
22708
22727
23068
23292
23515
23789
23945
22324
