40002
41148
40242
40016
40039
40043
40058
40078
40080
40129
40163
40181
40207
40213
40250
40256
40272
41669
40373
40391
40421
40768
40455
40499
40504
40514
40516
40522
40556
40569
40587
40603
40604
40606
40616
41758
40626
40640
40646
40678
40694
40704
40715
40716
40744
40824
40861
40865
40867
40905
40948
40957
40986
40987
40090
40992
41023
41027
41032
41039
40517
41041
41057
41109
41122
41126
41136
41172
41239
41248
41289
41291
41302
41352
41365
41377
41382
41402
41411
41439
41459
41463
41486
41533
41540
41587
41597
41611
41665
41683
41686
41748
41779
41786
41815
41826
41830
41833
41853
41941
41942
41981
41999
40000
40011
40013
40022
40025
40041
40047
40049
40056
40063
40070
40081
40088
41010
40100
40115
40116
40119
41906
40121
40160
40812
40164
40173
40179
40180
40932
40183
40210
40219
40223
40225
40231
40245
40246
41931
40252
40258
40264
40265
40281
40284
40291
40302
40306
40307
40697
40384
40308
40319
40332
40466
40355
40360
40381
40385
40389
40393
40395
40422
40423
40425
40431
40435
40459
40358
40490
40530
40534
40538
40540
40551
40559
40564
41574
40566
40576
40577
40579
40580
40581
40586
40590
40593
40595
40619
40621
40629
40636
40666
40672
40681
40689
40692
40706
40710
40720
40722
40724
40254
40725
40737
40738
40750
40751
40754
40755
40756
40758
40761
40764
40805
40828
40833
40836
41692
40846
40857
40887
40890
40898
40907
40917
40921
40881
40931
40954
40960
40961
40969
40975
40976
40979
40980
41011
41012
41019
41028
41036
41042
41052
41069
41081
41084
41091
41095
41117
41118
41150
41143
41163
41164
41165
41167
41169
41178
41179
41185
41198
41202
41204
41206
41209
41229
41235
41240
41266
41277
41279
41284
41299
41311
41313
41322
40705
41326
41340
41341
41342
41357
41373
41378
41386
41399
41407
41413
41419
41445
41455
41467
41474
41477
41478
41479
41488
41489
41492
41493
41504
41506
41509
41524
41529
41537
41543
41551
40691
41553
41569
41572
41581
40009
41592
41600
41603
41619
41624
41625
41626
41630
41425
41635
41641
41642
41643
41646
41110
41648
41662
41664
41666
41676
41677
41678
41681
41687
41690
41693
41702
41704
41707
41712
41716
41721
41736
41759
41966
41760
41783
41784
41790
41800
41807
41814
41816
41822
41824
41832
41840
41845
41849
41865
41866
41877
41880
41885
41897
41899
41905
41916
41921
41922
41937
41949
41713
41975
41991
41994
41996
40003
40006
41598
40018
40021
40024
40026
40032
40044
40052
40054
40055
40061
40062
40066
40311
40076
40082
40083
40084
40087
40089
40093
40094
40112
40096
40104
40105
40109
40111
40117
40118
41305
40122
40135
40837
40144
40150
40158
40159
40177
40178
40185
40189
40191
40192
40198
40202
40209
40212
40220
40229
40230
40232
40234
40236
40238
40030
40247
40251
41694
40736
40261
41236
40276
40297
40300
40304
40316
40322
40325
40327
40329
40347
40330
40334
40335
40336
40346
40331
41038
40356
40364
40366
40370
40371
40376
40377
40378
40379
40394
41245
40398
40406
40412
40413
40414
40418
40419
40424
40426
40428
40441
40442
40598
40454
40458
40468
40470
40485
40489
40492
40493
40497
41803
40498
40505
40507
40508
40510
40512
40515
40520
40526
40527
40535
40536
40539
40547
40554
40558
40562
40565
40518
40568
40575
40584
40031
40585
40608
40797
41336
40610
40625
40627
40642
40647
40649
40654
40656
41436
40664
40675
40682
40686
40687
40695
40696
40702
40703
40713
40714
40729
40731
40733
40739
40741
40748
40757
40759
40765
40767
40772
40776
40777
40778
40782
40783
40785
40786
40788
40789
40793
40794
40615
40803
40806
40167
40814
40818
40822
40825
40827
40829
40840
40842
40849
40851
40858
40690
40864
40872
40876
40878
40882
40883
40884
40889
40894
40897
40906
40909
40838
40910
40914
40919
40927
41237
40936
40853
40943
40946
40953
40965
40968
40970
40971
40977
40984
41566
40988
41000
41001
41002
41003
41007
40333
41013
41020
41024
41025
41031
41034
41040
41048
41051
41059
41060
41061
41063
41065
41066
41073
41074
41076
41085
41087
41089
41090
41502
41092
41105
41106
41111
41114
41116
41119
41120
41131
41138
41139
41140
41145
41147
41154
41170
41173
41177
41184
40912
41188
41195
41203
41210
41223
41224
41228
41231
41238
41241
40402
41247
41251
41258
41464
41259
41275
41280
41282
41283
41288
41290
41292
41295
41296
41297
41301
41309
41310
41320
41339
40098
40638
41345
41355
41367
41375
41381
41383
41385
41390
41392
41715
41393
41400
41405
41406
41415
41416
41422
41638
41427
41428
41430
41443
41447
40928
41448
41460
41461
40046
41468
41483
41485
41491
41495
41497
41498
41499
41511
41515
41519
41521
41523
41525
41528
41531
41532
41547
41550
41554
41558
41559
41560
40578
41813
41562
41577
41583
41584
40460
41588
41591
41593
41594
41599
41607
41609
41616
41623
41627
41628
41632
41651
41652
41654
41656
41659
41667
41670
41679
41682
41174
40944
41708
41709
41714
41724
41728
41730
41733
41734
41740
41741
41743
41761
41765
41768
41770
41771
40075
41776
41787
41794
41801
41810
41828
41831
40658
41844
41854
41856
41860
41864
41868
41879
41881
41882
41889
41892
41896
41900
41902
41913
41915
41918
41925
41029
41927
40255
41990
41946
41954
41957
41960
41964
41965
41967
41971
41973
41344
41984
41986
41989
40005
40007
40014
40020
40597
40033
40036
40037
40038
41094
40040
41470
40048
40050
40057
40068
40069
40073
41435
40074
41729
40092
40102
40107
40099
40120
40124
40126
40128
40131
40132
40134
40141
40142
40145
40148
40154
40155
40165
40166
40101
40168
40195
40196
40197
40201
40203
41943
40204
40217
40226
40235
40240
40249
41014
40260
40267
40269
40270
40273
40274
41152
40279
40282
40289
40292
40296
40137
40299
40312
40313
40314
40321
40323
40328
40340
40342
40345
40351
40352
40420
40353
40983
40367
40372
40487
40375
40382
40383
40390
40392
40397
40401
40405
40416
40427
40429
40436
40444
40446
40448
40450
40452
40453
40465
40474
40479
40481
40482
40484
40486
41307
40509
41054
40519
40523
40532
40533
40542
41928
40544
40550
40573
40456
40601
40607
40609
40611
40613
40614
40620
40632
40669
41329
40633
40641
40644
40651
40657
40661
40674
40679
40140
40680
40684
40685
40688
41565
40315
40701
40698
40712
40728
40730
40740
40742
40743
40747
40749
40753
41306
40762
40770
40773
40779
40790
40800
40802
40804
40815
40816
40819
40821
41348
40826
40835
40149
40911
40839
40855
40868
40870
40879
40880
40888
40892
40899
40904
40908
41191
40915
40877
40916
40922
40924
40199
40933
40934
40949
40951
40952
40955
40956
40972
40974
40978
40985
40990
40993
40996
40997
41009
41017
41021
41033
41412
41035
41046
40301
41333
41049
41062
40469
41068
40407
41612
41071
40222
41088
41100
41112
41115
41053
41123
41127
41128
41137
41151
41155
41890
41160
40259
41175
41841
41180
40594
41187
41196
41197
41199
41201
41211
41217
41220
41221
41222
41234
41253
41260
41262
41267
41268
41270
41271
41272
41274
41919
41285
41303
40127
40683
41314
41319
41321
41324
41334
41338
41349
41351
41354
41356
41358
41359
41361
41366
41368
41369
40630
41370
41379
40973
41388
41396
40362
41403
41417
41421
41423
41426
41809
41432
40211
41438
41449
41456
41465
41466
41505
41469
41496
41501
41473
41884
41507
41510
41512
41513
41516
41518
41522
41526
41527
41535
41542
41545
41546
41561
41564
40999
41567
41571
41573
41582
41586
41589
41596
41601
41608
41614
41615
41621
41281
40850
41629
41645
41647
41658
40387
41673
41689
41695
41696
41701
41703
41705
41969
41394
41723
40929
41725
41732
41735
41738
41742
41744
41751
41753
41763
41764
41767
41775
41777
41778
41780
41793
41797
41802
41804
41808
40085
41811
41817
41820
41821
41837
41843
41848
41850
41852
41857
41862
41863
41870
41871
41875
41876
41883
41887
41894
41895
41898
41903
41908
41747
41910
41917
41923
41926
41938
41939
41940
41945
41947
41948
41955
41958
41959
40650
41963
41972
41376
41980
41983
41997
41987
41998
40001
40012
40017
40019
40023
40034
40035
40051
40059
40060
40067
40072
40086
40103
40110
40125
40130
40133
40151
41218
40152
40157
40161
40162
40170
40184
40187
40190
40193
40194
40200
40205
40218
40221
41099
40227
40228
40239
41446
40241
40262
40263
40268
40277
40287
40288
40290
40809
41568
40295
40320
40326
40665
41216
40337
41653
40354
40317
40386
40396
40399
40403
40404
40409
40410
40411
40361
40433
40437
40439
40440
40457
40461
40462
40463
40464
40471
40473
40478
40480
40491
40494
40503
40572
40531
40541
40543
40546
40552
40555
40560
40561
40583
40588
40591
41189
40600
40605
41016
40622
41372
40631
41353
40645
40648
40652
40653
41847
40659
40662
40343
40668
40670
40671
40676
40677
40700
41655
40623
40717
40719
40723
40726
40745
40752
40760
40766
40775
40780
40787
40791
40792
40795
40807
40811
41710
40823
40834
40843
40847
40854
40860
40617
40862
40871
40875
40947
40885
40893
40895
40896
40901
40902
40913
40920
40935
40937
40940
40941
40945
40950
40959
40967
40982
40989
40991
40998
41005
41008
40624
41022
41026
41930
41044
41045
41056
41067
41072
41075
41080
41082
41086
41097
41101
41102
41103
41107
41108
41661
41113
41121
41129
41130
41132
41135
41750
41142
41161
40280
41756
41153
41168
41176
41182
41190
41192
41193
41194
41200
41207
41208
41214
41215
40156
41227
41246
41250
41252
41254
41256
41263
41265
41273
41276
41278
41287
41294
41298
41304
40769
41315
40430
41317
41337
41343
40830
41350
41360
41362
41364
41982
41384
41387
41389
41083
41397
41409
41418
41429
41431
41434
41437
41444
40253
41457
41458
41462
41472
41475
41476
41480
41481
41552
41484
41500
41104
41503
41514
41517
41520
41530
41536
41539
41541
41544
41549
41494
41556
41557
40310
41576
41580
41585
41595
41602
41605
41606
41610
41613
41622
41633
41634
41636
41688
41644
41668
41675
41691
41684
41698
41700
41706
40832
41711
41988
41737
41912
41749
41149
41650
41754
41762
41766
41781
41785
41789
41791
41792
41798
41805
41806
41812
41575
41819
41823
41825
41829
41834
41838
41839
41186
41851
41855
41858
41508
41171
41891
41904
41909
41911
41914
41300
40525
41924
41929
41933
41934
41956
41961
41962
41974
41976
41977
41950
41992
41995
40015
40027
40028
40053
40065
40071
41782
40095
40106
40108
40114
40136
40138
40139
41318
40146
40174
40175
40206
41441
40215
40224
40237
40244
40248
40271
40275
41050
40324
41018
40339
40359
41410
40363
40365
40368
40400
40415
40417
40438
40443
40445
40447
40449
41070
40475
40488
40501
40502
40513
40521
41233
40524
40549
40553
40571
40574
40567
40582
40596
40599
40602
40863
40618
40635
40643
41970
40655
40660
40663
40869
40693
40721
40699
40707
40711
40718
40732
40763
40774
40781
40796
40798
40799
40831
40841
40845
40848
41637
40852
40856
40859
40866
40873
40874
40891
40918
40923
40925
41451
41727
40938
40939
40962
40966
40266
41015
41030
41043
41058
41064
41078
41079
41093
41124
41144
41146
40344
41158
41166
41181
41212
41213
41219
41225
41226
41232
41242
41243
41244
41255
41264
41269
41286
41293
41308
41323
41327
41328
41331
41332
41985
41346
41363
41371
41391
41404
41408
40357
41414
41420
41424
41440
41442
41450
41452
41453
41261
41471
41482
41257
41534
41548
41555
41579
41604
41618
41639
41640
41649
41757
40374
41672
41717
41719
41720
40097
41731
41755
41157
41773
41788
41799
40500
41818
41835
41836
40964
41846
41873
41888
41901
41907
41920
41932
41935
40208
41953
41968
41979
41993
40004
40010
40548
40029
40064
40077
41347
40303
40143
40147
40171
40639
40182
40188
40233
40257
40278
40283
40286
40293
40298
40309
40079
40318
40338
40341
41162
40350
40388
40408
41325
40432
40434
40451
41590
40467
40472
40477
40495
40506
40537
40570
40589
40612
40667
40727
40735
40476
40801
40808
40810
40813
40817
40844
40926
40900
40930
40958
40963
41872
41395
40981
40369
40994
41037
41047
41055
41096
41134
41141
41156
41159
41183
41205
40545
41249
41631
41330
41335
41374
41380
41401
41454
41487
41490
41578
41398
41617
41827
41620
41660
41663
41674
41680
40708
41685
41697
41699
41726
41739
41745
41746
41752
41769
41774
41795
41657
41842
41859
41861
41869
41878
41886
41893
41936
41772
40008
40091
40172
40113
40176
40214
40294
40349
40483
40380
40496
40529
40045
40592
40628
40709
40746
40305
40820
40903
40995
41006
40042
40348
41230
40285
40942
41538
40511
41316
41125
40673
41563
41570
41722
41796
41867
40123
41944
41951
41952
41978
40153
40169
40243
40528
40557
40563
40637
40771
40784
40886
41004
41098
41133
40186
41433
41671
41874
41718
40216
40734
41312
