1
1401
20
42
154
164
1978
169
195
212
222
224
229
726
234
300
309
312
376
528
549
571
600
611
1366
616
649
672
710
773
785
814
822
826
848
981
992
1039
1049
1075
1123
1154
1180
1189
1102
1225
1299
1302
1343
1365
1410
1424
1429
1431
1449
1459
1478
1496
1504
1533
1538
1620
1631
1661
1696
1718
1699
1706
1743
1762
1767
1783
1844
1846
1867
1884
1976
194
1983
15
23
29
34
35
40
45
47
50
989
57
69
72
74
1526
84
102
109
112
114
116
117
119
124
130
137
144
148
149
152
163
173
179
186
191
210
211
214
221
254
256
259
268
280
495
292
311
320
326
331
332
333
348
359
369
371
372
375
380
383
395
399
403
404
408
410
228
424
1282
437
448
450
451
468
474
483
501
503
509
524
527
529
531
533
539
540
548
558
568
569
578
588
596
1833
598
606
609
620
630
643
1864
648
663
670
673
678
682
693
700
711
722
727
728
729
730
731
743
745
746
747
758
761
766
775
781
782
783
788
799
811
815
820
829
831
837
839
840
849
851
856
857
869
875
880
885
887
898
908
911
926
939
867
940
954
973
977
979
985
988
996
997
1004
1203
1005
1014
1020
1030
1034
1040
1041
1042
1054
1070
1072
1076
1077
1091
1110
1111
1117
1121
1124
1127
1147
1149
1153
1157
1158
1160
1171
1185
1195
1207
1211
1214
1219
1245
1037
1962
1247
1260
1261
1269
1286
1287
1301
1309
1312
1331
881
1334
1342
1345
1358
1359
1361
1362
1367
1374
1383
1405
1412
1414
1425
1427
1441
1461
1465
1466
1469
1473
1476
1481
1494
1500
556
1511
1513
1519
1531
1540
1541
1549
1557
1568
484
1585
1597
760
1600
1605
1606
1610
1614
1615
1634
1640
1649
1655
95
1656
1681
1683
1692
1701
1711
1714
1715
1720
1728
1729
1753
1760
477
1771
1862
1018
1795
1818
1821
1824
1447
1827
1853
1855
1871
1021
1880
1890
1896
1879
834
131
1898
1911
1935
1958
1982
1984
1985
2
3
4
14
16
22
25
33
37
120
38
1098
43
51
61
63
66
68
75
77
778
78
86
89
100
108
111
41
123
126
1033
128
1910
133
138
142
147
151
155
158
160
166
177
182
184
187
188
189
190
1547
197
205
206
226
431
231
238
248
249
264
265
270
272
273
970
275
277
282
285
287
288
293
294
791
298
304
308
310
318
328
329
334
338
340
347
1032
409
353
165
362
367
368
378
388
392
397
417
418
420
422
425
441
429
434
445
454
457
463
1395
1344
464
473
476
478
480
490
492
493
496
497
498
499
502
506
1920
510
516
523
532
538
553
559
560
565
572
573
575
576
577
579
580
583
586
593
597
1241
599
605
607
610
617
618
621
623
641
645
647
651
653
1719
662
668
1602
676
683
685
1738
689
692
702
705
709
715
720
724
736
738
739
740
742
759
764
768
770
771
774
776
85
779
786
801
807
809
816
818
827
830
1263
832
1907
836
854
863
945
871
872
883
891
892
896
900
902
905
920
927
928
930
937
941
943
950
957
959
961
966
971
974
983
987
949
990
994
1863
998
247
1002
1015
1017
1019
1023
1027
1036
1057
1058
1067
1071
1079
1088
1092
1094
1096
1099
1114
1115
1125
1136
1139
1140
1162
1163
1168
1169
1170
1173
1181
1183
1187
1190
150
1192
1196
917
1200
1204
1209
1210
1215
1220
1229
1231
1506
475
1590
1234
1250
1258
1264
1272
1276
1278
438
1288
1294
1298
1300
1305
1307
1929
1314
1316
1318
1280
1321
1327
1329
1332
1333
1348
1350
1351
1354
1355
634
1369
1372
1375
1385
1392
1406
978
1618
1413
1438
1442
1638
1444
1448
1452
1457
1460
1462
1468
1470
1471
1480
1490
1492
1503
1236
1514
1938
1518
1529
1534
1539
1545
1552
1555
1560
1561
1571
1574
1576
1579
1581
1587
1588
602
1594
1621
1609
1627
1628
1641
1643
1644
139
1652
1657
1658
1670
1676
1677
1678
1679
1680
1688
1693
1695
1700
1707
1709
1713
339
1716
1721
1724
1730
1733
1737
1746
1749
1754
1761
1787
1788
1791
1810
1813
1815
1822
1828
1830
1831
604
1841
1847
1852
423
1854
1861
1877
1878
1881
1889
1891
1892
1904
314
1908
1723
590
1914
1922
1926
1934
1524
1941
1946
1950
1952
1953
1954
1964
1967
1986
1995
6
8
9
12
24
28
31
36
39
46
58
64
67
70
71
76
79
80
82
87
91
92
99
106
107
110
115
125
127
135
141
153
157
171
174
176
656
180
193
196
198
199
207
208
218
219
220
227
922
232
239
587
244
246
1003
1554
250
255
258
263
266
267
278
281
915
291
296
299
301
307
323
336
343
346
352
366
1433
377
386
387
390
391
393
402
405
406
407
361
412
414
1626
419
435
440
1062
447
460
1007
466
1591
489
505
507
433
512
520
1240
522
526
536
546
547
552
555
561
936
564
1939
574
584
592
608
612
615
628
631
632
638
646
650
654
655
661
665
669
517
671
675
694
697
1390
699
704
706
707
712
713
718
721
737
741
749
750
751
752
754
757
767
780
789
303
795
796
797
817
819
1829
825
838
845
846
855
861
862
864
865
870
882
884
888
895
897
903
904
909
912
914
295
918
924
925
929
932
934
566
960
1664
962
965
968
276
982
991
1616
995
1001
1008
1016
1025
1028
129
1044
1045
1048
1051
1053
1056
1059
1061
455
1065
1068
1069
1080
1081
1083
1087
1089
1095
1100
1104
1105
1109
1112
1119
1126
1128
1129
1137
1142
1144
1148
1155
1156
1177
1179
1186
1188
1191
1198
1202
1205
1206
1213
1216
1218
1221
1222
1227
1228
1232
1233
1238
1243
1246
1249
1256
1257
1266
1259
833
1271
1274
1277
1325
1283
1289
1212
1290
1292
1297
1303
1308
1310
1311
1313
1319
1323
1324
1326
1328
1337
1339
1347
1353
1356
1360
1364
1368
1370
852
1373
1377
1378
1909
1379
1388
1389
703
1394
1397
1403
1404
1409
1698
1411
1420
1423
1432
1437
1439
1440
1443
1450
1453
1456
1474
1475
1971
1477
1484
1487
1493
1495
1501
1508
1509
1521
1528
1537
1543
1859
1544
1551
251
1558
65
1559
1563
1565
1569
1577
1584
1586
1592
1593
1596
1598
680
1608
1613
1622
1623
1625
1630
1633
1639
1642
1645
1647
1651
1575
1653
1663
1665
1669
1273
1674
1418
1704
1717
667
1726
1735
1736
1740
1742
1745
1747
1750
90
1751
1755
1756
170
1757
122
1766
1769
200
1773
1784
1785
1790
824
1793
1797
1798
1799
1804
1809
1812
1820
835
472
1834
385
1838
1842
1845
1856
1860
1870
1872
1873
1885
1894
1895
1897
1899
1900
1901
1903
1906
1913
1916
1917
1919
1923
1927
1315
1930
1936
1937
1940
1943
1947
1948
1956
1029
1957
1963
1965
1972
1284
1979
1987
1992
1997
1998
1999
0
5
7
13
17
21
26
48
52
56
59
81
83
223
1752
1667
96
97
1542
101
113
118
1654
140
168
1765
175
178
181
545
1775
209
213
235
237
241
242
243
252
261
274
283
284
290
302
1912
316
321
324
327
330
335
337
344
345
350
364
373
1421
1629
384
413
415
1685
416
1546
426
430
442
582
444
459
461
467
469
471
479
481
485
486
306
511
521
530
535
542
543
544
203
550
554
1512
557
562
563
581
585
245
613
624
627
633
637
639
644
192
658
659
660
677
681
687
688
691
695
696
698
701
716
719
723
260
734
735
744
755
756
1604
762
763
777
793
800
802
805
813
823
1796
844
850
853
858
859
866
876
879
893
201
894
910
913
916
1525
919
923
933
935
944
947
215
951
955
956
958
969
1174
972
976
980
62
1006
1009
1010
1013
1814
1886
1022
1026
1959
355
1248
1050
1052
1055
1060
1063
1066
1078
1082
1084
1085
1093
1268
1103
1106
1120
1130
1131
1133
1138
1143
1150
1152
1161
1165
1166
1172
1176
1184
1197
1199
1208
1291
1217
1226
1235
1237
1255
1270
1686
1293
841
1296
1349
1352
1357
1363
1384
1386
1387
1391
465
1400
1399
1402
1408
1415
1419
1426
1428
1434
1436
1573
1445
1451
1454
1455
1458
1463
1472
1479
1482
1485
1486
1489
1515
1517
1523
921
1527
1532
1535
1548
1567
1660
1578
1582
1601
1607
427
1632
1637
1446
1646
1648
1662
964
1672
1684
1687
204
1689
1710
1712
1722
1915
1727
1732
1739
1741
1744
1758
1764
1772
1774
1780
1792
1800
1801
1817
1836
1840
1848
1850
1857
1888
1802
1868
1874
1875
1905
1882
1887
1650
1902
1921
1925
1932
458
1944
1949
1960
1966
1968
1970
1974
1977
1988
1989
1991
11
1230
19
30
32
1464
49
55
60
136
1562
103
1768
313
73
146
1193
159
161
185
202
453
952
93
225
236
253
271
279
289
297
317
319
322
325
1702
349
356
358
603
1839
398
519
436
439
443
449
452
216
456
1776
487
488
491
494
508
515
534
626
537
567
999
570
594
595
601
625
541
629
640
642
657
666
679
1396
708
765
769
772
784
787
790
794
803
821
1335
842
843
1376
860
877
886
906
1201
233
931
938
257
942
470
993
1835
1031
1038
1043
1046
1047
1064
1073
1074
1086
1108
1118
1122
1132
1134
1135
1145
1146
1159
1164
1175
1178
1182
1012
1223
27
1244
1251
1262
370
1267
1281
717
1285
1322
1330
1338
1340
1380
1381
1393
714
1398
1407
1417
394
1422
1430
262
53
1499
1502
1505
1507
1510
1522
94
1536
1697
1550
1556
1564
1832
1580
1942
1583
1599
1603
1612
1000
379
1624
401
1636
1382
1666
1668
1671
1673
1690
1691
1694
1703
1708
1731
1734
690
1748
1763
1777
1778
1779
1781
1782
1786
1789
1794
1803
1805
1806
1823
1825
1826
1843
1849
1851
1858
1865
1866
1224
1869
652
1893
1924
1933
1945
1951
1253
1969
1973
1975
1981
1993
1996
88
98
104
121
132
134
156
162
365
172
217
1488
269
286
341
354
357
360
1275
381
382
389
400
428
446
462
525
513
674
518
551
589
396
614
622
664
686
1306
733
753
792
806
808
1725
810
847
868
874
878
889
890
901
907
948
963
967
1416
984
986
1024
44
1113
1116
1141
1151
1167
1194
1239
1242
1254
1265
1980
1304
1317
1320
1341
1346
1371
1435
1467
1491
1497
1498
1516
1530
1553
1570
1572
1611
1617
1619
1635
1675
812
1770
1808
1811
1816
1837
1931
1595
1955
1961
10
18
145
167
946
143
315
342
351
374
411
899
432
1918
635
636
684
725
732
798
804
828
873
1336
1011
1035
1090
1101
1107
975
1883
1252
1295
1520
105
1566
1589
421
1807
1819
514
1928
1483
1990
1994
54
183
504
230
240
305
748
1097
1279
1659
1682
1705
1759
591
1876
482
500
953
