58022
59893
59131
58023
58044
58308
58053
58119
58134
58175
58187
58261
58285
58300
58127
58315
58324
58334
58341
58350
58363
58457
58465
58484
58494
58507
58512
58542
58544
58575
58581
58590
58629
58645
58657
58675
58689
58725
58747
58754
58755
58783
58792
58825
58829
58847
58868
58914
58925
58941
58962
59032
59045
59049
59078
59095
59123
59156
59179
59311
59353
59389
59439
59444
58571
59446
59781
59502
59530
59567
59583
59589
59592
59599
59664
59674
59726
59735
59803
59852
59858
59865
59900
59940
59942
59945
59968
59969
59976
59996
58000
58007
58024
58025
58026
58027
58043
58045
58052
58072
58075
58079
58080
58081
59752
58096
58099
58103
58107
58111
58619
58113
58118
58121
58125
58317
58129
58148
58154
58158
58168
58170
58177
58181
58190
58196
58200
58204
58208
58211
58214
58215
58202
58222
58237
58239
58248
58255
58256
58257
58533
58268
58288
58295
58305
58310
58314
58323
58331
58335
58337
58346
58353
58513
58565
58358
58375
58382
58395
58397
58398
58410
58422
58427
58441
58442
58456
58172
58460
58466
58467
58477
58480
58718
58486
58497
58913
58501
58508
58514
58516
58534
58547
58548
58552
58570
58583
58588
58599
58601
58605
58611
58117
58623
58631
58638
58641
58643
58644
58084
58649
58663
58664
58666
58667
58671
58685
58690
58695
58703
58708
59376
58715
58721
58723
58727
58732
58746
58748
58764
59975
58765
58776
58780
59543
58781
58790
58795
58796
58798
58521
58801
58809
58810
58818
58826
58828
58831
58836
58837
58839
58846
58848
58855
58860
58401
58875
58877
58880
58885
58886
58892
58896
58897
58899
58909
58916
58918
59016
58921
58933
58943
58955
58968
58972
58469
58986
58996
59006
59011
59018
59019
59033
59051
59058
59067
59068
59071
59081
59100
59107
59118
59128
59141
59143
59144
59149
59162
59170
59172
59197
59203
59221
59233
59234
59242
58793
59247
59251
59268
58742
59271
59283
59290
59294
59296
59303
59615
59314
59340
59374
59378
59386
59388
59393
59394
59398
59418
59422
59423
59430
59432
59434
59438
59442
59445
59467
59497
59500
59513
59519
59524
59527
59531
59536
59545
59854
59558
59561
59570
59593
59596
59598
59602
59604
59605
59611
59616
59643
59646
59651
59661
59677
59684
59685
59691
59692
59694
59698
59700
59706
59709
59712
59713
59720
59730
59732
59737
59739
59767
59783
59796
59802
59804
59808
59810
59812
59814
59837
59841
59847
59850
59559
59856
59571
59866
59878
59891
59899
58420
59902
59911
59915
59928
59929
59935
59964
59982
59990
58876
58006
58012
58015
58020
58033
58036
58038
58978
59840
58039
58056
58060
58063
58065
58070
58071
58076
58078
58087
58101
58102
58108
58115
58123
58124
59066
58130
58132
58137
58138
58139
58141
58142
58145
58150
58152
58157
58162
58164
58169
58171
58173
58174
58176
58182
58183
58185
58186
59637
58188
58207
58213
58242
58250
58260
58271
58276
58277
58278
59392
58279
58287
58289
58292
58294
58297
58298
58299
58306
58325
58326
58343
58347
58348
58349
58351
58352
58354
58371
58372
58376
58378
58383
58386
58387
58392
58393
58396
58399
58404
58408
59680
58411
58167
58413
58424
58431
58443
58445
58447
58448
58451
58453
58459
58464
58468
58479
58994
58476
58473
58482
58487
58488
58491
58500
58505
58510
58511
58522
58528
58530
58275
58535
58538
58541
58543
58551
58553
58558
58560
58567
58568
58574
58576
58587
58589
58593
58594
58597
58603
58609
58620
58624
58003
58625
58628
58630
59986
58633
58642
58648
58650
58653
58655
58658
58661
58194
58665
58684
58687
59373
58700
58435
58707
58713
58728
58224
58735
58738
58743
58749
58750
58753
58757
58760
58768
58770
58772
58774
58782
58787
58791
59757
58021
59429
58797
59843
58830
58850
58854
58857
58859
59263
58864
58198
58881
58889
58890
58904
58906
58910
58911
58912
58928
58931
58944
58946
58954
58958
58973
58982
58985
58987
58989
58995
59005
59013
59020
59023
59029
59030
59031
59035
59356
59039
58636
59044
59048
59052
59059
59061
59063
59064
59072
59076
59084
59087
58966
59091
59901
59498
59116
59133
59135
59138
58088
59139
59148
59155
59157
59161
59163
59164
59165
59166
59169
59181
59182
59196
59199
59200
59205
59213
59216
59217
59219
59237
59246
59253
59255
59256
59261
59262
59264
59275
59281
59285
59286
59287
59289
59292
59293
59298
59299
59304
59307
59322
59323
59326
59329
59331
59332
59333
59336
59338
59339
59343
59346
59349
59352
59362
59363
59563
59366
59385
59391
59400
59402
59406
59410
59411
59413
59414
59415
59421
59424
59425
59437
59452
58342
59460
59468
59660
59277
59469
59480
59481
59483
59488
59490
58654
59129
59722
59505
59509
59510
59515
59516
59521
59525
59526
59538
59542
58785
59548
59550
59553
59555
59556
58367
59562
59569
59572
59573
59574
59579
59581
59582
59675
59588
59254
59595
59601
59610
59617
59620
59642
59649
59655
59666
59667
59671
59682
59688
59693
59696
59704
58330
59708
59717
58632
59718
59729
59734
59736
59742
59746
59753
59756
59758
59760
59769
59772
59773
59778
59779
59508
59788
59789
59797
59805
59807
59825
59831
59833
59834
59835
58843
59844
59863
59864
59868
59870
59876
59883
59888
59889
59894
59903
59908
59909
59910
59914
59916
59754
59917
59924
59925
59936
59944
59946
59947
59948
59951
59953
59956
59957
59962
59971
59972
59973
59978
59979
59981
58639
59993
59997
58001
58009
58014
58016
58017
58018
58019
59368
58807
58049
58054
58064
58066
58069
58082
58085
59146
58091
58092
58104
58105
58109
58110
58114
58116
58128
58133
58136
58143
58146
58149
58155
58156
58159
58161
58163
58165
58166
58414
58179
58180
58193
58205
58209
58210
58212
58217
58220
58225
58226
58231
58236
58244
58245
58246
58247
58258
58259
59428
58262
58264
58266
58282
58283
58290
58312
58313
58316
58318
58327
58328
59716
59780
58332
58339
58344
58356
58368
58377
58379
58380
58384
58391
58394
58011
58402
58403
58406
58407
58416
58418
58425
58426
58429
58432
58438
59229
58446
58153
58471
58485
59967
58490
58493
58495
58498
58499
58502
58504
58515
58518
59093
58520
59305
58524
58529
58531
58537
58540
58545
58549
58555
58557
58561
58572
58578
58579
58582
58586
58595
58602
58606
58612
58617
58618
59047
58646
58647
58659
58660
58662
58668
58669
58670
58672
58677
58678
58681
58683
58698
58699
58705
58710
58714
58717
58496
58722
58726
58729
58730
58731
58733
58740
59272
58752
58762
58769
59932
58775
58788
58799
58803
58804
58805
58811
59938
58812
58763
58817
58823
58833
58834
58835
58838
58851
58853
58856
58858
58863
58867
58870
58887
59790
58891
58898
58900
58905
58908
58932
58935
58936
58940
58942
58947
58950
58953
58956
58957
58959
58960
58961
58964
58967
58977
58979
58980
58981
58983
58988
58992
59848
58997
59000
59001
59004
59010
59012
59017
59021
59022
59024
59150
59025
59027
59028
59043
59046
59054
59057
59060
59074
59075
59086
59089
59098
59099
59103
59104
59106
59111
59120
59124
59125
59134
59142
59026
59541
59152
59158
59159
59171
59177
59178
58319
59185
59188
59194
59201
59354
59204
59211
59212
59214
59218
59222
58291
59224
59227
58635
58470
59235
59248
59250
59257
59258
59260
58865
59265
59266
59269
59278
59279
59983
59284
59301
58005
58526
59310
59313
59315
59328
59334
59337
59342
59344
59347
58640
59348
59358
59364
59365
58034
59369
58719
59377
58281
59395
59403
58894
59407
59409
59416
59417
59420
59431
59435
59441
59443
59447
59448
59449
59450
59453
59454
59459
59466
59484
59486
59487
59489
59492
59493
59495
59507
59511
59514
59518
59523
59528
59529
59532
59537
59153
59546
59551
59560
59566
59568
59577
59578
59580
59587
58734
59591
59608
59614
59619
59622
59623
59173
59624
59631
59634
59350
59635
59638
59639
59280
59640
59650
59659
59662
59663
59668
58506
59672
59676
59679
58412
59683
58400
59522
59686
59702
59711
59715
59719
59724
59725
59731
59733
59738
59740
59741
59743
59747
59748
59749
59751
59759
59761
59764
59766
59770
59771
59774
59777
59784
59785
59787
59800
59811
59813
59815
59816
59818
59819
58893
59823
59828
59829
59830
59832
59838
59853
59860
59871
59872
59877
59879
59881
59884
59887
59890
59892
59897
59898
59905
59913
59918
59920
59927
58089
59933
59943
59959
59963
58767
59300
58607
59991
58580
59995
58029
58030
58032
58035
59977
58040
59102
58051
58057
58061
58067
58073
58074
58813
58093
58095
58098
58122
58135
59721
58144
58160
58948
58192
58197
58884
58199
58201
58235
58216
59794
58218
58223
58228
58230
58232
58238
58240
58252
58253
58267
58269
58273
59584
58274
58284
58302
58303
58307
58309
59186
58322
58340
59463
58086
58596
58361
59457
58370
58385
58388
58389
58390
59687
58415
58417
58822
58421
58433
58434
58436
58437
58455
58458
58474
58489
58527
58532
58539
58546
58550
58562
58563
58569
59820
59455
59998
58591
59644
58598
59992
58613
58614
58621
59215
58622
58673
58676
58679
58680
58682
58686
58691
59534
58696
58704
58709
58720
58736
58739
58741
58744
58756
58771
58773
58778
58779
58786
58789
59249
58794
58824
58842
58844
58861
58862
58871
58874
58878
58879
58573
58882
58895
58901
58903
58915
58920
59090
58923
58926
58934
58939
58674
58951
58963
59110
58971
58041
58990
59003
59014
59015
59036
59042
59050
59056
59069
59070
59079
59083
59085
59088
58924
59092
59094
59097
59101
58055
59105
59108
59113
59114
59126
59127
59136
59147
59151
59202
59160
59627
59174
59175
59176
59399
59180
59184
59189
59191
59192
59193
59208
59210
58651
59220
59226
59228
59230
59231
59236
59245
59252
59597
59267
59274
58604
59282
59288
59291
59295
59308
59316
59317
59318
59319
59324
59325
59327
59335
59341
59345
59636
59351
59355
59040
59359
59360
59361
59371
59379
59380
59383
59390
59396
59397
59401
59404
59412
59427
58263
59433
59456
59461
59464
59465
58984
59470
59472
59474
59475
59476
59357
59478
59485
59491
59496
59499
59504
59520
59533
59540
59612
59544
59554
59557
59869
59575
59576
59585
59594
59600
59119
59603
59980
59321
59621
59626
59628
59629
59681
59633
59652
59656
59657
59658
59477
59670
59678
59647
59690
59703
59705
59707
59710
58478
59723
59728
59745
59750
59923
58806
59762
59775
59776
59782
59791
58219
59798
59799
59806
59817
58577
59821
58472
58463
59822
59845
58998
59849
59855
59080
59859
59873
59874
59882
59896
59907
59912
59921
59922
59931
59950
59960
59965
58492
59974
59985
59988
58002
58627
58004
59309
58008
58010
58013
58031
58047
58048
58050
58059
58068
58077
58083
58652
58364
58094
58100
58120
58140
58462
58178
58189
58191
58206
58737
58227
58251
58265
58272
58286
59225
58293
58301
58304
58106
58311
58320
58321
58336
58345
58359
58366
58373
58381
58419
59904
58428
58430
58439
58444
58449
58450
58452
58461
59836
59826
59673
58509
58517
58554
58559
58564
59564
58566
58584
59381
58592
58610
58626
59506
58637
59503
58656
58692
58694
58697
58724
58751
58758
58821
58766
58814
58815
58816
58819
59699
58827
58852
58872
58873
58883
58902
58907
58503
58919
58927
58938
58952
58974
59471
58991
59008
59038
59041
59055
59062
59077
59862
58802
59096
59112
59121
58028
59140
59145
59154
59167
59187
59190
59198
59168
59207
59223
59238
59239
59241
59243
59259
59276
59306
59482
59367
59372
58706
59384
59387
59183
58820
59440
59451
58374
59462
59473
59494
59512
58701
59535
59539
59552
59565
59609
59547
59613
59630
58195
59641
59645
59653
59665
59697
59701
59768
58338
59408
59792
59793
59795
59801
59809
59827
59839
59842
59846
59851
59867
59875
59885
59895
59906
59930
58784
59934
59941
59952
59954
59955
59958
59966
58147
58042
59994
58037
59082
58058
58112
58126
58151
58184
58203
58221
58229
58234
58243
58254
58270
58296
58369
58712
58440
58454
58475
58481
58360
58525
58536
58600
58634
58688
58702
58711
58716
58759
58761
58808
58423
58841
58845
58866
58869
58888
58917
58922
58949
58965
58969
58970
58976
58999
59009
58929
59037
59053
59065
59073
58062
59109
59122
59130
59195
59209
59240
59244
59273
59479
59297
59302
59312
59320
59382
59405
59419
59426
59458
59517
58840
59549
59370
59625
59632
59669
59695
59714
59727
59744
58097
59755
59763
59765
59786
58046
59857
59861
59880
59886
59919
59926
59937
59939
59949
59970
59618
59987
59989
59984
58233
58241
58249
58329
58333
58362
58483
58523
58556
58585
58608
58615
58616
59206
58693
58745
58777
58800
58832
58930
58937
58975
58993
59002
59007
58131
59115
59607
59132
59137
59270
59330
58365
59436
59586
59590
59689
59117
59961
58090
58355
58409
58519
59824
59232
58849
58945
59375
59501
58280
59648
58405
59654
58357
59999
