24046
24010
24067
24092
24109
24137
24152
24191
24205
24258
24274
24293
24294
24296
24329
24341
24402
24404
24412
24444
24455
24469
24485
24496
24502
24512
24515
25203
24519
24538
24554
24571
24602
24604
24610
24620
24640
24646
24653
24660
24698
24699
24704
24716
24726
24736
24791
24799
24804
24833
24842
24846
24879
24108
24886
24930
24981
24995
25011
25040
25045
25148
25162
25200
25208
25209
25221
25224
25239
25324
25357
25534
25358
25371
25393
25394
25417
25439
25002
25454
25485
25489
25491
25494
25504
24900
25514
25559
25563
25579
25591
25615
25644
25656
25729
25767
25806
25833
25841
25847
25864
25865
25901
25908
25949
25953
25978
25993
24005
24008
24012
24016
25921
24029
24033
24034
24041
24043
24045
24049
24059
24062
24071
24072
24075
24080
24081
24084
24089
24091
24093
24096
24101
24105
24110
24114
24117
24128
24561
24130
24141
24142
24161
24164
24176
24177
24190
24200
24206
24207
24210
24211
24234
24242
24246
24252
24264
24266
24140
25584
24288
25742
25043
24351
24364
24369
24374
24376
24389
24394
24399
24409
24410
24411
24413
24416
24417
24420
24423
24424
24427
24437
24440
24441
24445
24457
24463
24465
24467
24468
24478
24481
24507
24509
24513
25098
24517
24531
24535
24559
24562
24579
24581
24590
24217
24591
24636
24644
24656
24658
24661
24662
24665
24667
24669
24680
24683
24684
24691
24697
24709
24713
24714
24715
24720
24729
24732
24734
24741
24745
24779
24781
24783
24794
24797
25180
24798
24807
24817
24822
24836
24858
24867
24873
24880
24890
24891
24893
24906
24918
24938
24940
24942
24946
24950
24961
24963
24968
24983
25479
25004
25007
25012
25020
25022
25028
25546
25035
25044
25047
25052
25053
25059
25475
25062
25775
25077
25085
25088
25090
25093
25095
25113
25120
25121
24765
25136
25154
24864
25161
25172
25176
25183
25199
25211
25214
25967
25215
25234
25238
25254
25256
25272
25295
25297
25299
25310
25319
25329
25330
25331
25347
25375
25376
25382
25395
25398
25407
25409
24282
25413
25418
25440
24250
25449
25463
25470
25480
25490
25497
25512
25289
25519
25540
25541
25552
25348
25553
25560
25561
25571
25572
25588
25597
25599
25600
25601
25610
25611
25621
25633
25635
25641
25241
25642
25660
25677
24182
25681
25686
25687
25700
25710
25715
25721
24899
25733
25755
25756
25764
25773
25780
25786
25788
25791
25800
25814
25826
25845
25760
25855
25885
25895
25907
25913
25926
25928
25934
25939
25941
25942
25948
25952
25957
25964
25969
25975
25983
24743
25985
24004
24009
24014
24018
24024
24026
24032
24039
24040
24042
24048
24053
24061
24064
25420
24066
25757
24074
24078
24079
24082
24083
25892
24088
24100
24165
24107
24120
24123
24129
24131
24132
24133
24136
24139
24143
24144
24145
24150
25770
24154
24240
24160
24167
24168
24174
24179
24181
24184
24189
24199
24202
25784
25922
24209
24227
24238
24243
24244
24255
24257
24259
24261
24262
24269
24270
24271
24278
24280
24281
24283
25919
24290
24300
25782
24301
24314
24315
24316
24557
24325
24330
24332
24863
24334
24342
24344
24348
24349
24355
24356
24360
24361
24366
24368
24372
24378
24379
24390
24395
24401
24414
24422
24426
24430
24431
24434
24446
24447
24453
24461
24462
24473
24479
24489
24503
25675
24504
24525
24527
24536
24539
24544
24546
24547
24551
24558
24569
24572
24575
24592
24596
24600
24601
24607
25159
24597
24611
24648
24375
24621
24642
24643
24672
24676
24677
24678
24679
24681
24686
24688
24693
24696
24701
24703
24705
24712
24723
24725
25810
24737
24740
24748
24751
24753
24756
25508
24757
24759
24762
24763
24766
24776
24784
24786
24788
24789
24792
24793
25018
24801
24808
24809
24810
24820
24825
24826
24835
24840
24841
24847
24850
24853
24854
24857
24859
24865
24869
24870
24882
24884
24888
25634
24892
25761
24896
25518
24910
24911
24914
24916
24932
24941
24945
24948
24956
24957
24960
24964
24970
25759
24976
24980
25003
25006
25008
25010
25013
25017
25021
25025
25539
25026
25049
25056
25066
25067
25069
25086
24670
25105
25108
25112
25124
25126
25128
25135
25139
25143
25150
25155
25165
25169
25170
25089
25177
25184
25187
25193
25196
25223
25226
25228
25230
25652
25249
25250
25259
25263
25268
25271
25275
25277
25281
25284
25286
25536
25290
25293
25300
25664
25304
25311
25313
25315
25318
25323
25328
25343
25344
25346
25352
25359
25360
25368
25372
25638
25374
25380
24768
25381
25388
25397
25399
25401
25406
25410
25423
25425
25426
25431
25433
25437
25453
25459
25462
25467
25473
25474
25482
25483
25496
25505
25513
25520
25521
25696
25523
25526
25532
25370
25538
25556
25566
25567
25574
25580
25581
24335
25598
25604
25605
25608
25609
25625
25378
25594
25645
25654
25657
25659
25709
24624
25661
25669
24577
25671
25678
25680
25682
25688
25691
25524
25698
25699
25707
25708
25716
25719
25367
25720
25730
25737
25744
25749
25752
25870
25762
25787
24233
25153
25793
25807
25808
25813
25815
25816
25819
25822
25823
25825
25834
25835
25838
25842
25843
25844
25862
25872
25874
25876
25878
25879
25889
25891
25893
25897
25898
25899
25903
25905
25912
25916
25917
24030
25924
25933
25936
25940
25944
25958
25962
25963
25965
25970
25986
25994
25997
25998
25999
24000
24001
24003
24007
24015
24021
24931
24025
24038
24044
24051
24052
24056
24058
24069
24076
24085
24094
24095
24099
24103
24104
24112
24113
24116
24687
24121
24138
25809
24146
24149
24151
24158
24169
24171
24175
25481
24178
24183
24186
24650
24936
24187
24196
24197
24198
24203
24204
24090
24218
24320
24225
24235
24166
24245
24248
24249
24254
24256
24263
24265
24267
24276
24277
24285
24286
24287
24298
24302
24304
24305
24308
24309
24311
25920
24313
24322
24327
24336
24338
24340
24354
24358
24365
24367
24370
24373
24377
24380
24381
24382
24499
24384
24388
24392
24403
24406
24407
24408
24418
24421
24425
24435
24448
24449
24115
24456
24106
24464
24475
24476
24477
24482
24483
24493
24497
24501
24505
24508
24511
24514
24924
24516
25236
24524
24537
24543
24545
24548
24553
24326
24134
24563
24566
24568
24573
24984
25712
24574
24580
24582
24585
24588
24593
25695
24595
24599
24605
24606
25294
24609
24614
24623
24627
24632
24634
24638
24651
24655
24657
24663
25107
24673
24674
24675
24685
24135
24694
24695
24702
24706
24708
24710
25774
24719
24727
24733
24735
24738
25972
25989
24749
24754
24635
24755
24761
25387
24770
24771
24772
24773
24778
24780
24782
24787
24790
24795
24796
24812
24813
24819
24824
24828
24834
24838
24839
24844
24851
24855
24860
24862
24876
24883
24885
24887
24907
24908
24919
24921
24923
24028
24758
25000
24934
24952
24954
24959
24962
24967
24977
24979
24986
24991
24992
24999
25001
25009
24803
25027
25029
25030
25034
25036
25037
25054
25055
25057
25058
25063
25064
25065
25072
25076
25082
25087
25091
25094
25097
25099
25100
24594
25102
25110
25115
25117
25119
25122
25123
25127
25130
25134
25137
25138
25141
25146
25147
25151
25157
25178
25179
24802
25192
25198
25212
25218
24913
25220
25229
25233
24526
25240
25242
25312
25244
25246
24549
25248
25258
25261
25267
25273
25285
25305
25308
25314
25316
25325
25326
25336
25377
25338
25555
25349
25350
25353
25354
25361
25365
25384
25392
25396
25400
25402
25405
25411
25415
24070
25427
25429
25435
25438
25441
25448
25451
25456
25457
25458
25464
25465
25471
25073
25478
25487
25488
25492
25498
25500
25502
25503
25506
25507
25511
25516
25527
25528
25529
25531
25535
25537
25544
25547
25551
25568
25573
25576
25589
25590
25593
25595
25860
25603
25612
25613
25614
25616
25617
25620
25622
25623
25624
25628
25629
25630
25632
25637
25653
25655
25663
25666
25668
25673
25685
25689
25606
25690
24619
25705
25717
25718
25723
25724
25727
25735
25738
24767
25740
25748
25754
25743
25763
25765
25766
25768
24155
25772
25777
25781
25783
24215
25785
25790
25804
25812
25817
25818
24357
25820
25829
25830
25831
25836
25837
25839
25840
25852
25854
25857
25859
25866
25871
25880
25882
25883
25884
25887
25894
25900
25902
25909
25918
24224
25929
25935
25938
25943
25945
25946
25947
25955
25956
25959
25961
25219
25971
24746
25976
25981
25982
25990
25996
24011
24522
24017
24020
24023
24036
24047
24054
24055
24057
24068
25419
25166
24102
24122
24124
24654
24125
24163
24170
24172
25683
24192
24194
24220
24223
24226
24228
24230
24241
24247
24251
24268
24273
24279
24289
24292
24299
24303
24306
24310
24317
24319
24321
24345
24347
24350
24363
24371
24641
24383
24386
24387
24391
24393
24396
24397
24405
24415
24429
24432
24443
24451
24454
24459
24471
24480
24484
25585
24486
24488
24490
24494
24498
24385
24518
24528
24532
24550
25501
24552
24564
24570
24583
24584
24589
25103
24603
24608
25979
24615
24618
24622
25667
24625
24626
24877
25129
24628
24649
24148
24222
24659
24668
24671
24682
24690
24692
24707
24718
25651
24730
24744
24764
25741
24774
24586
24806
24814
24815
25973
24821
24829
24832
24843
25149
24849
24866
24868
24871
24872
24874
24889
24895
24898
24902
24905
24912
25227
24917
24700
24920
24926
24927
24929
24937
24939
24943
24944
24947
25951
24951
24965
24966
24972
24111
24973
24975
24982
24985
24988
24989
24993
24994
25016
25019
25023
25031
25032
25039
25132
25041
25050
25051
25060
25061
25068
25070
25071
25074
25079
25080
25083
25182
25096
24523
25104
25111
25114
25118
25131
25133
25351
24856
25142
25801
25158
25163
25167
25171
25173
25174
25185
25186
25188
25189
25191
25194
25195
25202
24530
25204
25207
25213
25217
25222
25225
25231
25237
25252
25255
25264
25270
25278
25279
25283
25287
25288
25292
24613
25296
25301
25303
25306
25307
25245
25317
25322
25327
25332
25337
25341
25355
25356
25362
25363
25364
25366
25722
25369
25373
25340
25379
25385
25386
25390
25391
25408
25412
25428
25434
25444
25446
25455
25460
25461
25627
25466
25510
25515
25517
25038
25542
25042
25548
25550
25557
25558
25564
25565
25570
25577
25436
25578
25583
24487
25592
25646
25618
25619
25626
25631
25639
25643
25647
25649
25650
24731
25658
25662
25309
25674
25679
25692
25702
25706
25672
25731
25736
25745
25750
25751
25753
24077
25758
25771
25778
24307
25789
25792
25794
25798
25799
25803
25805
25811
25827
25846
25851
25853
25856
25863
25868
25875
25881
25886
25890
25904
24318
25937
25950
24953
25954
25960
24823
24617
25984
25991
25995
24002
24006
24022
24027
24060
24065
24073
24126
24127
24153
24156
24157
24118
24185
24201
24212
24214
24216
24760
24219
24231
24239
24260
24291
24297
24312
24324
24343
24352
25821
24359
24400
24433
24438
24439
24460
24474
24492
24495
24510
24520
24529
24542
24556
24565
24567
24578
24631
24633
24637
24188
24664
24689
24922
24711
24717
24742
24173
25140
24777
24785
24800
24805
24830
24845
24861
25168
24875
24629
24881
24897
24901
24904
24909
24915
24195
24955
24969
24987
24997
24998
25014
25269
25015
25046
25048
25075
25078
25092
25101
25106
25109
25116
25125
24630
24362
25145
25160
25175
25190
25197
24284
25206
25235
25247
25253
25260
25266
25280
25298
25302
25321
25333
25339
25404
25414
25422
25442
25445
25447
25452
25472
24180
25486
24555
24935
25509
25522
25525
25533
25545
25554
25575
25586
25587
25596
25607
25476
25670
25676
25684
25697
25665
25713
25726
25728
25732
24353
25747
24978
25081
25796
25797
25824
25828
25468
25832
25693
25869
25873
25888
24098
25896
25906
25911
25915
24295
25923
25925
25930
25931
25968
25977
25988
25992
24013
24031
24037
24050
24063
24086
24087
24221
24097
24974
24458
24162
24769
24193
24208
24213
25795
24236
25450
24253
25216
24328
24331
24339
24346
24419
24428
24436
24442
24450
24491
24500
24533
24534
24540
24541
24560
24811
24598
24616
24645
24647
24639
24721
24724
24750
24752
24775
24816
24827
24831
24848
25152
24337
24878
24019
24971
24949
24612
25164
25181
25232
25251
25262
25265
25276
25282
25291
25320
25334
25342
25144
25383
25389
25403
25421
25430
25443
25469
25477
25484
25493
25499
25530
25543
25562
25569
25602
24894
25640
25648
25701
25703
25711
25725
25734
25746
24722
25776
25779
25802
24147
24739
25848
25850
25858
25867
25877
25910
25932
25966
25987
24035
24119
25335
24323
24666
24237
24272
24232
24333
24452
24466
24472
24587
24818
24837
24903
24928
24933
24958
24990
25005
25033
25084
24852
25201
25205
25210
25243
25024
25274
24159
24470
25582
25549
25636
25714
25739
25861
25927
25974
24229
25416
24398
24521
25257
24652
24728
24747
24576
24996
25849
25495
24506
25694
25704
25769
25914
24275
24925
25345
25424
25980
