28038
29027
28047
28070
28121
28147
28884
28150
28166
28182
28211
28248
28302
28316
28319
28692
28368
28383
28407
28435
28464
28505
28513
28515
28554
28585
28590
28595
28601
28645
28658
28722
28723
28729
28742
28753
29115
28756
28786
28790
29683
28828
28861
28875
28889
28897
28954
28957
28986
28992
29010
29050
29054
29061
29072
29075
29085
29119
29140
29145
29149
29162
29169
29207
29232
29963
29233
29273
29286
29289
28394
29310
29333
29352
29365
29384
29394
29409
29423
29445
29466
29475
29493
29513
29516
29517
29519
29541
28888
29555
29622
29655
29658
29668
29677
29714
29721
29734
29793
29818
29820
29860
29869
29884
29892
29896
29903
29905
29918
29965
29980
28000
28007
28952
28023
28028
28029
28033
28037
28042
28055
28077
28088
28093
28107
28108
28112
28115
28118
28119
28123
28129
28140
28142
28149
28153
28157
28175
28180
28183
28184
28187
28392
28197
28213
28224
28232
28233
28235
28250
28261
28202
28267
28286
28290
28298
28306
28308
28350
28357
28361
28370
28371
28373
28378
28380
28393
28398
28399
28402
28410
28411
28414
28417
28718
28424
28300
28432
28445
28446
28448
28459
28463
28475
28479
28681
28482
28490
28517
28522
28528
28530
28617
28531
28539
28542
28569
28570
28575
28577
28583
28592
28615
28624
28579
28629
28650
28651
28656
28667
28712
28713
28431
28725
28730
28737
28744
29467
28751
28754
28755
28765
28769
28770
28779
28780
28783
28799
28800
28040
28806
28814
28818
28820
28835
28844
28846
28863
28877
28880
28885
28905
28609
28935
28947
28959
28966
28968
28970
28971
28975
28976
29090
28981
28984
28985
28989
28994
29016
28680
28110
29018
28270
29028
29037
29041
29042
29048
29065
29077
29078
29098
29108
29125
29129
29132
29139
29144
29152
29164
29165
29166
29984
29170
29181
29192
29195
29201
29206
29334
29211
29222
29225
29235
29237
29245
29251
29253
29265
29270
29274
29280
29281
29287
29296
29297
29298
29301
29305
29318
29326
29327
29330
29345
29354
29356
29359
29368
29374
29379
29388
29389
29392
29400
28320
29402
29416
29417
29419
29421
29428
29430
29432
29440
29441
29447
29456
29460
29471
29485
29486
29487
29502
29508
29512
29538
29543
29556
29561
29569
29570
29597
29598
29600
29602
29604
29614
29625
29651
29654
29686
29687
29391
29689
29716
29723
29725
29727
29735
29749
29759
29769
29772
29773
29785
29821
29798
29804
29807
29813
29822
29850
29855
29881
29913
29917
29920
29665
29922
29927
29928
29929
29960
28767
29969
29975
29977
29979
29981
29983
29174
29991
29992
29996
28001
28012
28013
28020
28021
28024
28030
28036
28045
28057
28059
28061
28073
28075
28081
28083
28086
28091
28095
28104
28106
28111
28130
28134
28135
28137
28143
28148
28151
28155
28625
28158
28160
28162
28164
28168
28172
28174
28179
28185
28205
28220
28226
28231
28246
28253
28262
28268
28279
28283
28287
28288
28292
28669
28295
29848
28299
28303
28304
28312
28313
28314
29268
29507
28315
28325
28331
28338
28341
28345
28580
28349
28353
28358
28359
28365
29970
28377
28384
28386
28389
28461
29320
28397
28413
28419
28420
28421
28426
29796
28429
28442
28447
28458
28470
28486
28488
28491
28495
28728
28499
28512
28514
28520
28523
28527
28532
29747
28536
28546
28547
28548
28560
28565
28567
28571
28572
28574
28576
28588
28596
28597
28600
28602
28603
28604
28611
29436
28616
28633
28638
28657
28661
28662
28670
28671
28483
28684
28685
28689
28690
28696
28707
29998
28711
28724
28726
28727
28739
28741
28761
28766
28381
28776
28777
28778
28782
28784
28787
28794
28803
28809
28810
28811
28817
28819
28821
28829
28832
28842
28855
28054
28857
28864
29411
28868
29583
28892
28895
28903
29116
28904
28912
28917
28918
28919
28921
28925
28930
28932
28938
28949
28950
28956
28964
28965
28972
28974
28980
28990
29001
29004
29005
29006
29008
29017
29023
29737
29029
29038
29040
29043
29045
29057
29483
29058
29076
28540
29080
29084
29086
29089
29866
29091
29100
29102
29104
29107
29112
29117
29124
29128
29131
29135
29137
29138
29154
29168
29177
29180
29184
29185
29187
29188
29194
29197
29208
29213
29218
29219
29223
29231
29841
29234
29246
29249
29250
29252
29255
29256
29269
29275
29282
29290
29299
29302
29308
29313
29315
29328
29329
29331
29338
29339
29343
29344
29347
29349
29350
28485
29355
28621
29358
29367
29375
29383
29397
29406
29408
29412
29427
28628
29442
29443
29449
29450
29463
28275
29464
29473
29476
29480
29481
29067
29489
29491
29515
29518
29525
29535
29542
28631
29546
29551
29559
29574
29590
29594
29607
29608
29609
29610
29611
29619
29627
29637
29644
29648
29653
29661
29662
29663
29664
29675
29680
29682
28839
29693
28408
29698
29446
29706
29719
29724
29731
29733
29736
29033
29744
29746
29083
29758
29760
29868
29761
29771
29777
29778
29789
28437
29801
29815
29816
29803
29828
29829
29834
29840
29845
28443
29849
29864
29660
29870
29875
29876
29877
29878
29888
29890
29895
29901
29907
29911
29919
29921
29923
29926
29934
29937
29943
29945
29950
29954
29959
29259
29967
29972
29973
29976
29978
29982
29985
29987
29989
29995
28719
28003
28004
28008
28011
28014
28015
28017
28019
28031
28032
28039
28812
28043
28049
28050
28051
28052
28053
28860
28064
28065
28072
28079
28082
28084
28094
28096
28099
28103
28944
28113
28116
28117
28125
28126
28128
28132
28136
28146
28154
28165
29858
28170
28177
28178
28188
28190
28193
28199
28201
28663
28204
28208
28212
28214
28215
28217
28993
28221
28228
28236
28243
28244
28247
28249
28252
28254
28255
28259
28241
28260
28332
28264
29035
28276
28277
28284
28552
28293
28301
28305
28311
28317
28322
28987
28324
28329
28266
28333
28334
28340
28342
28348
28354
29616
28355
28360
28366
28715
28372
28375
28376
28382
28388
28396
28405
28406
28412
28418
28425
28434
28438
28439
28440
28441
28449
28450
28457
28395
28467
28468
28561
28469
28476
28477
28484
29357
28489
28494
28497
28498
28501
28509
28510
28518
28521
28524
28525
28529
28550
28553
28558
29020
28559
28578
28582
28589
28124
28593
28781
28608
28614
28618
28620
29362
28623
28159
28626
28627
28630
28634
28635
28636
28775
28637
28644
28646
28648
28654
28659
28665
28666
28672
28675
28676
28677
28678
28691
28369
28694
28699
28700
28701
28702
28995
28705
28717
28872
28720
28746
28748
28749
29764
28772
28791
28792
28519
28793
28796
28823
28825
28773
28114
28830
29887
28837
28840
28841
28848
28849
28851
28852
28853
28859
28865
28869
28743
28874
29799
28879
28882
28887
28890
28893
28896
28901
28915
28920
28922
28926
28927
28928
28936
28939
28940
29451
28943
28948
29579
28955
28962
28977
28978
28982
28997
28998
29003
29012
29014
29025
29031
29034
29044
29046
29047
29049
29052
29055
29390
29060
29071
29073
29081
29093
29109
29111
29118
29122
29123
29126
29142
29143
29146
29147
29148
29156
29158
29160
29173
29175
29176
29183
29190
29193
29198
29200
29214
29215
29216
29221
29227
29229
29669
29264
29267
29271
29278
29284
29293
29294
29300
29303
29307
29309
29311
29317
29319
29321
29325
29335
29341
29348
29351
29361
29364
29376
29381
29382
29385
29393
29395
29396
29399
29401
29407
29420
29435
28946
29454
28862
29455
29461
29468
29470
29479
29482
29484
29499
29500
29501
29503
28321
29511
29521
29522
29524
29531
28018
29536
29545
29552
29557
29558
28245
29568
29576
28961
29580
29581
29262
29584
29586
29595
29596
29601
29603
29606
29624
29628
29641
29646
29647
29649
29652
29656
29659
29925
29666
29266
29670
29673
29621
29676
29688
29692
29697
29702
29707
29711
29712
29728
29729
29739
29740
29742
29743
29752
29753
29754
29766
28502
29770
29781
29783
29786
29788
29790
29791
29792
29805
29806
29809
29811
29817
29826
29827
29830
29832
29835
29842
29843
29847
29853
29854
29856
29857
29859
29862
29865
29872
29874
29879
28195
29916
29893
29894
29898
29904
29906
29908
29912
29924
29930
29932
29933
29935
29938
29941
29946
29949
29952
29958
29962
29971
29986
29988
29990
29997
28005
28009
28026
28027
29951
28044
28048
28056
28060
28062
28063
28085
28067
28080
28087
28090
28097
28098
28100
28102
29021
28131
28138
28139
28144
28145
28152
28163
28167
28171
28181
28330
28189
29886
28196
28203
28216
28223
28225
28229
28230
28234
29767
28240
29572
28258
28272
28274
29472
28280
28285
28289
28291
28307
28309
28310
28323
29418
28326
28337
28344
28362
28364
28367
28390
28391
28198
28403
28404
28409
28415
28416
28423
28430
28433
28436
28444
28453
28456
28460
28462
28465
28466
28472
28473
28478
28480
28493
28496
28500
28504
28506
28507
28508
28511
28516
28795
28526
28535
28538
28544
28545
28551
28471
28563
28566
28643
28568
28352
28581
28343
28584
28606
28937
28619
28622
28642
28573
28647
29022
28652
28668
28673
28674
28682
28683
28686
28693
28695
28703
28704
28709
28710
28374
28716
28721
28731
28733
28734
28735
28738
28740
29709
28750
28758
28759
28760
28768
28797
28798
28802
28805
28808
28813
28815
28822
28827
28831
28834
28850
28854
28856
28867
28870
28878
28883
28886
28891
28894
28900
28902
28906
28909
28911
28923
28908
28924
28933
28941
28942
28836
28945
28951
28953
28958
28960
28979
28988
28222
28706
29957
29002
29011
29013
28664
29024
29026
29030
29036
29039
29056
29063
29064
29066
29070
29079
29082
29087
28983
29092
29095
29101
29114
28763
28907
29127
29133
29136
29151
29157
29161
29172
29178
29182
29189
29196
29202
29210
29212
29217
29226
29238
29241
29242
29244
29247
29248
29254
29261
29585
29263
29276
29279
29283
29292
29304
29322
29336
29342
29353
29366
28219
29369
29371
29378
29380
29386
29387
28122
29398
29413
29426
29429
29433
29434
29437
29448
28697
29453
29458
29462
29465
28752
29474
29477
29478
29488
29490
29492
29494
29495
29505
29529
29530
29533
29534
29537
29540
29544
29548
29550
29553
29563
29566
29567
29573
29577
29578
29588
29605
29612
29613
29620
28481
29684
29629
29431
29630
29632
29634
29635
29638
29639
29643
29645
29657
29873
29674
29678
29679
29681
29690
29691
29695
29699
29700
28757
29710
29715
29717
29720
29722
29726
29730
29732
29741
29745
29756
29757
29762
29763
28256
29780
29795
29797
29810
29814
29819
29823
29824
29825
29831
28543
29836
29851
28176
29861
29097
29867
29871
29880
28838
29897
29899
29900
29902
29915
29931
29939
29940
29944
29948
29956
29964
29993
29994
28002
28016
28058
28074
28076
28078
28089
28105
28109
28318
29405
28127
28141
28161
28173
28192
28207
28209
28210
28218
28227
28237
28555
28238
28263
28271
28251
28257
28265
28269
28273
28278
28789
28282
28328
28335
28336
28339
28598
28346
28347
28351
28363
28400
28422
28428
28451
28452
28454
28455
28487
28492
28541
28294
29324
28239
28564
28474
28639
28587
28594
28599
28607
28612
29547
28649
28206
28679
29019
28687
28698
28708
28732
28745
28762
28764
28771
28640
28610
28785
28804
28816
28826
28845
28847
28858
28866
28871
28156
28898
28899
28913
28914
28916
28929
28025
28963
28973
28327
28991
29000
29007
29015
29059
29062
29088
29099
29103
29106
28533
29110
29121
29134
29141
29150
29153
29159
29167
29186
28736
29203
29209
29224
29230
29236
29240
29257
29258
29404
29272
29439
29277
29288
29295
29306
29314
29332
29220
29337
29360
29363
29372
29373
29377
29069
29696
28873
29415
29422
29425
29631
29285
29444
29452
29469
29504
29509
29510
29520
29523
29528
29532
29549
28549
29554
29562
29564
29575
29582
29587
29591
29592
29593
29599
28356
29618
29633
29636
29642
29650
29671
28996
29672
29694
29701
29703
29713
29738
29748
29750
29755
29776
29779
29782
29784
29787
29794
29802
29838
29768
29891
29909
29914
29936
29009
29961
29966
29968
29974
29999
28022
28035
28066
28069
28133
28169
28186
28194
28281
28242
28297
28379
28385
28387
28401
29704
29774
28534
28613
28537
28632
28296
28714
28503
29205
28747
28605
28807
28824
29459
28876
28931
28910
28934
28967
29685
28999
29051
29074
29094
29113
29179
29199
29204
29243
29260
29291
29312
28034
29316
29403
29414
28191
29424
29496
29497
29498
29506
29514
29565
29571
29615
29623
29640
29667
29705
29708
29751
28774
29812
29833
29239
29846
29863
29882
29883
29889
29942
29947
28046
29955
28006
28010
28041
28071
28092
28120
28200
29370
28427
28586
29120
29844
29560
28556
28591
29457
28833
28788
28801
28969
29032
29053
29068
29096
29910
29105
29155
29163
29171
29191
29228
29323
29346
29438
29718
29527
29589
29617
29775
29800
29808
29837
29839
29852
29885
29130
29953
28068
29626
28641
28653
28660
28843
28557
29526
29765
28881
29539
29340
28101
28655
28688
