72004
73477
72005
72007
72029
72034
72674
72043
72106
72117
72139
72155
72179
72185
72195
72216
72084
72066
72266
72350
72351
72355
72377
72441
72453
72469
72481
72501
72505
72507
72542
72574
72580
72613
72655
72688
72701
72712
72725
72828
72849
72858
72873
72875
72923
72927
72948
72966
72986
72989
73072
73087
73161
73162
73170
73180
73184
73186
73253
72585
73256
73286
73617
73295
73344
73351
73355
73372
73376
73392
73399
73466
73472
73487
73511
73539
73544
73580
73596
73622
73643
73685
73688
73693
73289
73799
73811
73834
73915
73957
73963
72015
72017
72018
73437
72038
72041
72045
72051
72056
72057
72063
72064
72285
72069
72082
72090
72098
72100
72114
72132
72134
72136
72138
72141
72145
72147
72153
72157
72172
72180
72181
72184
72209
72210
72218
72221
72240
72242
73714
72257
72274
72628
72284
72311
72317
72330
72333
72335
73784
72337
72352
72372
72373
72374
72380
72382
72384
72388
72391
72392
72395
72399
72402
72413
72419
72424
72428
72430
72446
72452
72457
72483
72504
73040
72524
72532
72535
72551
72576
72589
72594
72595
72601
72604
72618
72621
72648
72649
72653
72665
72667
72669
72053
72687
72046
73703
72694
72720
72728
72729
72731
72129
73191
72739
72754
72789
72791
72794
72805
72816
72824
72836
72362
72841
72844
72847
72853
72855
72866
72870
72872
72882
72890
72897
72906
72921
72928
72929
72931
72933
72943
72952
72956
72961
72969
72973
72976
72978
73322
72987
73970
73009
73802
73020
73398
73035
73038
72526
73041
73048
73053
73061
73063
73412
72411
73066
73098
73099
73101
73837
73104
73106
73112
73124
73133
73134
73152
73154
73165
73176
73177
73182
72486
73189
73218
73197
73219
73226
73251
73259
73261
73272
73279
73283
73302
73303
73316
73317
73002
73324
73331
72636
73343
73939
73373
73386
73390
73397
73408
73409
73271
73411
73421
73423
73425
73438
73446
73448
73454
73457
72854
73463
73478
73482
73489
73492
73495
73496
73498
73518
73530
73531
73533
73540
73557
73567
73581
73583
73591
73595
73598
73599
73601
73611
73616
73625
73874
73626
73629
73637
73638
73640
73647
73658
73377
73662
73668
73686
73706
73707
73716
73735
73748
73753
73758
73774
73776
73777
73789
73794
73798
73816
73823
73828
73839
73847
73848
73849
73851
73854
73857
73860
73928
73867
73901
73902
73934
73949
73958
73960
73981
73991
73997
72013
72024
72032
72033
72035
72037
72039
72047
72050
72052
72364
72054
73988
72068
72081
72279
72086
72097
72101
72102
72112
72525
72115
72125
72126
72131
72135
72140
72142
72149
72158
72159
72161
72164
72166
72091
73665
72169
72182
72188
72200
72205
72206
73541
73211
73908
72207
72379
72220
72225
72226
72227
72229
72231
72911
72241
72246
72247
72248
72254
72259
72269
72271
73548
72273
72295
72297
72306
72308
72313
72776
72315
72328
72329
72338
72347
72349
73562
72357
72369
72370
72223
72381
73292
72406
72416
72420
72421
72423
72750
72425
72437
73109
72439
72445
73610
72448
72464
72466
72471
72474
72477
72478
72488
72489
72492
72493
72494
72496
72497
72502
72506
73116
72510
72879
72516
72522
72523
72533
72534
72538
72540
72545
72548
72552
73965
72553
72556
72557
72917
72558
72567
72581
73265
72588
72591
72593
72596
72600
72603
72623
72303
72629
72631
72639
72647
72659
72661
72664
72677
72680
72681
72691
72692
72695
72699
72704
72708
72722
72730
72732
72734
72735
72741
72774
72745
72753
72756
72761
72762
72768
72771
72773
72779
72780
72784
72788
72797
72798
72802
72807
72810
72812
72813
72815
72818
72819
72825
72826
72830
72837
72838
72845
72846
72852
72859
72864
72868
73501
72869
72887
72888
72889
72893
72894
72896
72900
72901
72912
72914
72916
72563
72918
72919
72922
72930
72934
72935
72938
72944
72946
72949
72950
72953
72958
72960
72963
72967
72449
73278
72990
72998
73001
73304
73007
73016
73019
73024
73033
73039
72584
73042
73046
73047
73424
73049
72713
73059
73068
73077
73078
73080
73081
73085
73092
72360
73095
73103
73110
73111
72302
73114
73128
73137
73139
73153
73155
73156
73163
73171
73172
73174
73190
72748
73220
73199
72876
73203
73215
73221
73223
73232
73237
73238
73246
73247
73250
73254
73262
73269
73276
72997
72974
73280
73288
73806
73290
73293
73296
73299
73300
73305
73310
73313
73314
73318
73345
73363
73374
73378
73384
73388
73391
73403
73405
73407
73415
73418
73422
73057
72610
73709
72040
73464
73471
73484
73490
73497
73499
73500
73515
73519
73524
73532
73535
73536
73560
73563
73565
73574
73575
73603
73604
73607
73609
73336
73635
73571
73649
73653
73656
73657
73659
73660
72175
73670
73674
73678
73680
73682
73696
73260
72769
73698
73718
72243
73719
73723
73726
73740
72908
73741
73745
73749
73751
73756
73757
73760
73764
73765
73766
73767
73773
73775
72783
73781
73786
73790
73795
73796
73800
73801
73804
73805
73807
73810
73813
72775
73814
73819
73825
73826
73832
73843
73846
73855
73859
73861
73863
72684
73868
73871
73628
73878
73879
73881
73885
73895
73903
73906
73918
73924
73926
73927
73891
73929
73931
73147
73937
73945
73953
73959
73961
73966
73968
73012
73972
73978
72983
73980
73985
73990
73992
73995
73996
72002
72008
73129
72009
72012
72016
72025
72048
72055
72071
72073
72075
73546
73121
72083
72173
72093
72095
72109
72116
72118
72120
72123
72127
72133
72144
72154
72156
72160
72177
72178
72190
72196
72199
72201
72211
72213
72583
72219
72230
72233
72235
72236
73720
73725
72249
72253
72256
72262
72513
72263
72270
72276
72277
72280
72286
72289
72292
72298
72299
72305
72309
72314
72319
72322
73428
72323
72331
72332
72339
72343
72348
73096
72363
72365
72366
72367
72368
72371
72383
72389
72394
72398
72400
72403
72405
72408
73071
72426
72427
72429
72436
72438
72447
72463
72472
72473
72480
72485
72264
73639
72515
72530
72531
72539
72549
72550
72559
72561
72566
72571
72572
72575
72578
72860
72579
72586
72590
72023
72598
72605
73058
72608
72616
72617
72619
72622
72630
72632
72633
72634
72638
72640
72641
72643
72645
72650
72651
73166
72652
72657
72662
72666
72668
72670
73365
72656
72672
72679
73869
72686
72697
72698
72703
72709
72711
72718
72719
72733
72740
72744
72751
72759
72760
72529
72763
72320
72777
73783
72785
72792
72795
72796
72799
72803
72806
73577
72808
72820
72823
72833
72839
72353
72843
73468
72862
72867
72874
72877
72883
72891
72902
73021
72907
72245
72925
72936
72939
72942
72945
72947
72951
72954
72965
72979
73701
73940
72980
72984
72988
72993
72996
72999
73008
73011
73018
73022
73026
72238
73027
73034
73045
72499
73534
73051
73065
73067
73089
73102
73689
72440
73117
73119
72163
72087
73130
73131
73136
73140
73144
73151
73160
73731
73168
73185
72831
73187
73194
73196
73201
73204
73525
73207
73212
73097
73216
72863
73222
73004
73225
73231
73236
73239
73241
73243
73248
73252
73258
73264
72078
73266
73270
73419
73291
72415
73301
73013
73308
73312
73321
73335
73338
73340
73341
73342
73346
73350
73352
73357
73360
72673
73382
72202
73389
73395
73401
73406
73069
73413
73414
73417
73426
73427
73430
72327
73435
73439
73442
73443
73444
73450
73451
73456
73459
73465
73469
73476
73480
73570
73481
73493
73494
73503
73504
73506
73508
73513
72341
73517
73521
73523
73537
73545
73547
72962
72293
73551
73566
73572
73576
73578
73582
73585
73587
73594
73381
73600
73612
73613
73618
73620
73623
73631
73632
73636
73641
73645
73651
73655
73663
73671
73672
73673
73675
73679
73681
73684
72336
73115
73695
72287
73697
73702
73705
73708
73710
73717
73724
73727
73732
73734
73739
73746
73750
73752
73755
73762
73763
73768
73769
73778
73782
73787
73788
73792
73797
73809
73817
73821
73822
73105
73842
73844
73845
73865
73872
73875
73876
73880
73882
73883
73884
73888
73889
73893
73894
73897
72217
73909
72183
73911
73916
73922
73932
73936
73941
73947
73948
73954
73955
73956
73962
73964
73967
73971
73975
73977
73982
73986
72000
72001
72003
72020
72021
72022
72602
72027
72028
72031
72036
72044
72705
72049
72058
72059
72061
72067
72072
72736
72074
72088
73076
72089
72104
72105
72107
72111
72121
72122
72124
72128
72130
72148
72150
72152
73127
72165
72168
72171
72176
73914
72192
72193
72203
72215
72222
73461
72234
73738
72239
72255
72261
72267
72275
72281
72283
72288
72290
72300
73118
72310
72312
72316
72318
72324
72334
73691
73520
72345
72356
72842
72375
72378
72387
72390
72396
72397
72412
72414
72422
72433
72434
72443
72444
72451
72460
72468
72482
72487
72490
72491
73148
72498
72503
72508
72509
72512
72514
72518
72520
72119
72861
72528
72543
72544
72546
72554
72560
72817
72562
72568
72569
72577
72592
72597
72599
72607
72611
72612
72620
72624
72625
72635
73349
72642
72646
73588
72654
72660
72296
72671
72689
72693
72696
72787
72706
73062
72723
72726
72742
72747
72435
72968
72757
73818
72707
72793
72801
72811
72814
73592
72822
72829
72834
72835
72840
72851
72857
73224
72878
72957
72881
73245
72898
72903
72885
73742
72915
72920
72924
72926
72940
73943
72941
72964
72970
72972
72985
73229
72995
73015
73023
73030
73031
73032
72856
73036
73179
73056
72076
73060
73074
73075
72092
73083
73084
73093
73094
73217
73107
72511
73123
73125
73132
73138
73141
73143
73145
73146
73149
73150
73157
73158
72675
73169
73173
72644
73122
73178
73208
73210
73234
73240
73255
73263
73274
73275
73277
73281
73285
73297
73298
73306
73307
73315
73319
73320
73325
73334
73348
73354
73356
73358
73359
73361
73367
73369
72006
73371
73383
73228
73387
73396
73037
73400
73402
73416
73568
73420
73431
73432
72848
73436
73447
73449
73452
73455
73460
73462
73467
73488
73502
73505
73512
73516
73522
73209
73529
72208
73542
73549
73552
73556
72358
73429
73652
73584
73586
72658
73589
73593
73597
73608
73614
73619
73621
73630
73633
73634
73642
73644
73650
73654
73664
73676
73677
73687
73690
73692
73694
72981
73712
72260
73728
73730
73175
73736
73737
73744
73747
73771
73779
72346
73785
73791
73793
73824
73827
73829
73830
73836
73840
73841
73856
73873
73890
73896
73907
73912
73913
73919
73921
73925
73935
73385
72982
73942
73946
73951
73952
73984
73987
73989
73998
73999
73380
72137
72010
72026
72030
72042
72060
72077
73268
72079
72080
72094
72099
72103
72108
72014
73183
72143
72162
72167
72174
72187
72191
72194
72197
72198
72204
72214
72232
72237
72244
72268
72278
72282
73699
72291
72304
72326
72340
72850
72354
72359
72361
72376
72386
72821
72393
72409
72410
72418
72454
72455
72461
72470
72476
72495
73052
72527
72536
72547
72587
72606
72615
72637
72682
72690
72700
73029
72702
72715
72716
73073
72738
72749
72755
72758
72764
73704
72770
72781
72804
73445
72582
72765
72865
72884
72886
72892
72905
72932
72937
72895
72959
72766
72971
73284
72975
72991
73000
73005
73006
72910
73050
73054
73064
73079
73086
73088
73328
73090
73100
73108
72955
73113
73202
73126
73135
72500
73164
73167
72151
73188
72212
73213
73230
73235
73242
73282
73287
73294
73309
73311
73091
73333
73339
73347
73362
73364
73368
73375
73379
73605
73404
73852
73410
72714
73470
73479
73491
72521
73507
73510
73514
73527
73055
73543
72085
73553
73555
73559
73561
73486
72809
73606
72462
73615
73627
73648
73661
73669
73458
73711
73713
73715
73721
73722
73733
73754
73474
73761
73780
73028
73808
73815
73820
73831
73833
73835
73850
73433
73858
73862
73864
72992
73877
73892
73899
73904
73923
72880
73933
73950
72555
73969
73973
73976
72070
73898
72019
72146
72170
73393
72258
72272
72685
72301
72307
72325
72344
72062
72417
72442
72994
72450
72458
72459
72465
72467
72479
72484
72519
72537
72541
72573
73044
72609
73453
72626
73193
72663
72676
73803
72678
72743
72767
72772
72778
72782
72786
72800
72565
72404
73192
73590
72832
73944
72904
73550
72977
73983
73025
73070
72011
73142
73181
73198
73200
73205
73206
73227
73394
73233
73244
73267
73273
73323
73326
73329
73330
73332
73337
73366
73370
73666
73440
73473
73475
73485
73526
73528
73554
73569
73573
72827
73602
73624
73667
73683
72717
72251
73729
72250
73743
73759
72710
73812
73853
73887
73900
73905
73910
73917
73920
73974
73994
72746
72189
72228
72265
72294
72321
72342
72407
72432
72456
72475
73195
72564
72683
72721
72727
72752
72790
73043
72871
72909
73886
73017
73159
72614
72899
73257
73327
73353
73434
73770
73483
73558
73564
73214
72517
73646
73838
73866
73870
72113
73930
73120
72065
72096
72252
72385
72401
72431
72570
72224
72737
73003
73014
73938
73441
73538
73579
73772
73993
72186
72627
72724
73082
73700
73509
73979
72110
73010
