50016
51175
50059
50077
50104
50105
50108
51035
50116
50132
50154
50169
50174
50186
50958
50194
50234
50239
50243
50263
50265
50309
50327
50330
50331
50338
50342
50386
51212
51009
50424
50491
50506
50543
50583
50664
50641
50675
50682
50683
50701
50718
50720
50772
50777
50780
50803
50814
50826
50828
50833
50851
50859
50862
50976
50979
50998
51001
51014
51020
51024
51027
51030
51041
51046
51066
51070
51102
51185
51207
51217
51218
51227
51265
51266
51327
51369
51408
51414
51426
51448
51462
51466
51480
51785
51515
51554
51583
51640
51663
51665
51714
51735
51748
50802
51782
51834
51845
51846
51867
51902
51933
51983
51993
50004
50015
50018
50020
50027
50029
50038
50043
50047
50054
50078
50079
50081
50084
50095
50099
50110
51707
51578
51806
50125
50139
50141
50178
50238
50183
50195
50199
50214
50224
50225
50228
50232
50237
50241
51504
50254
50273
50284
50293
50302
51452
50317
50332
50352
50875
50362
50376
50379
50388
50393
50394
50396
50406
50407
50422
50436
50439
50447
51220
50461
50472
50474
50485
50495
50502
50512
50522
50523
50540
50545
50547
50548
50550
50576
50577
50585
50592
50616
50622
50629
50633
50555
50635
50665
50668
50402
50670
50687
50690
50694
50708
50710
50715
50717
50721
50727
50730
50734
50739
50742
50753
50760
50762
50768
50770
50771
50774
50050
50785
50985
50789
50825
50830
50837
50849
50858
50870
50878
50881
50883
50884
50887
50895
50900
50905
50907
50910
51307
50914
50922
50927
50928
50930
50933
50952
50954
50968
50971
50977
50981
50995
50999
51003
51777
51012
51033
51038
51039
51042
51043
51048
51053
51057
51064
51071
51074
50303
50274
51081
51104
51105
51107
51113
51115
51120
51125
51132
51135
51136
51137
51304
51150
51160
51173
51179
51187
51191
51193
51201
50463
51222
50845
51225
51249
51250
51252
51273
51775
51278
51750
51306
51320
51321
51228
51332
50713
51337
51351
51365
51368
51372
51374
51140
51512
51394
51413
51425
51429
50820
51431
51444
51445
51449
51450
51451
50328
51454
51455
51460
51477
51483
51485
51487
51495
51503
51505
51506
51508
51517
51520
51521
51525
51526
51536
51545
51558
51559
51561
51566
51569
51572
51582
51594
51597
51607
51609
51625
51627
51629
51632
51634
51635
51650
51656
51660
51667
50997
50866
51672
51687
51700
51723
51725
51739
51954
51743
51755
51023
51791
51792
51793
51805
50138
51808
51809
51825
51833
51835
51851
51852
51880
51887
51891
51894
51896
51897
51901
51915
51927
51932
51937
51938
51943
51950
51951
51959
51961
51964
51966
51970
51977
51986
51994
51998
51999
50005
50006
50007
50014
50037
50042
50044
50045
50060
50061
50064
50071
50216
50111
50123
50126
50250
50129
50146
50149
50151
50152
50153
50158
50160
50162
50163
50171
50184
50192
50200
50201
50203
50205
50210
50218
50219
50418
50221
50230
50242
50249
50255
50258
50262
50266
50267
51746
50269
50287
50291
50297
50300
50310
50311
50312
50315
50319
50320
50325
50334
51741
50340
50356
50357
50361
50364
50366
50370
50372
50382
50389
50392
50398
50399
50400
50401
50405
50410
50415
50416
50417
50227
50539
50421
50425
51004
51052
50426
50437
50440
50441
50746
50455
50458
50459
50465
50471
51176
50476
50483
50489
50492
50499
50504
50516
50520
50528
50536
50538
50423
50541
50544
50552
50553
50546
50554
50559
50570
50581
50582
50588
50590
50597
50600
50601
50602
51616
50605
50607
50608
50614
50617
50620
50142
50628
50634
50748
50636
50639
50649
50651
50654
50655
50656
50672
50680
50698
50702
50703
50704
50706
50707
50709
50728
50740
50744
50750
50752
50755
50758
50759
50764
50767
50773
50776
50778
50784
50801
51815
50806
50810
50811
50815
50821
50829
50838
50839
50840
50847
50462
50925
50861
50885
50888
50889
50025
50893
50909
50912
50919
51587
50921
50926
50931
50934
50944
50957
50959
50961
50969
50974
50982
50983
50987
50988
50989
51000
51002
51008
50466
51015
51018
51019
51021
51034
50121
51040
51051
51061
51065
51073
51076
51089
51091
50500
51092
51101
51118
51121
51122
51131
51151
51163
51166
51170
50197
50479
51180
51182
51189
51190
51192
51316
51198
51203
51206
51210
51211
51215
50098
51229
51241
51242
51245
51247
51251
51253
51255
51257
51261
51263
51275
51646
50298
51281
51290
51292
51299
51300
50938
51303
51309
51314
51318
51324
51226
51326
51334
51336
51345
51346
51348
51349
51352
51358
51359
51367
51370
51379
51382
51383
51391
51393
51396
51397
51398
51400
51412
51416
51419
51427
51432
51447
51457
51458
51459
51461
51469
51470
51471
51472
51475
51488
50260
51510
51404
51514
51518
51527
51539
51549
51551
51552
51406
51581
51603
51605
51611
51612
51613
51618
51620
51621
51626
51639
51641
51642
51647
51648
51649
51654
51658
51661
50019
51664
51675
51679
51693
51704
51708
51713
51715
51718
51719
51726
51733
51737
51889
51738
51747
51315
51756
51760
51767
51694
51769
51773
51550
51790
51795
51798
51799
51801
51811
51366
51814
51817
51827
51831
50719
51832
51838
51839
51840
51850
51856
51857
51858
51860
51863
51866
51532
51869
51875
51877
51878
51888
51892
51906
51912
51914
51916
51917
51918
51936
51941
51944
51948
51953
51956
51963
51965
51967
51968
51971
51974
51976
50257
51978
51981
51982
51985
51987
51989
51991
51996
51997
50000
50003
50008
50009
50013
50017
51668
50022
50024
50028
50032
50034
50046
50048
50049
50051
50053
50055
50057
50058
50537
50062
50069
50070
50076
51886
50080
50091
50094
51331
50097
50101
50106
50107
50113
50114
51528
50117
50133
50137
50140
50155
50157
50159
50164
50165
50166
50167
50172
50177
50181
50185
50188
50191
50120
50196
50211
50215
50223
50235
50236
50193
50240
50245
50246
50130
50251
50253
50256
50268
50270
50276
50277
50278
50280
50296
50212
51286
50306
50307
50313
50316
50318
50321
50323
50335
50336
50561
50337
50344
50348
50353
50355
50363
50367
50369
50375
50381
50836
50390
50404
50414
50432
50438
50446
50450
50451
50452
50453
50226
50456
50464
50480
50496
51099
50501
50505
50508
50509
50510
50513
50515
50517
50519
50660
50521
50529
50530
50531
50534
50558
50556
50557
50560
50343
50569
50572
51174
50573
50575
50584
50586
50587
50589
50598
50618
50621
50623
50624
50630
50631
50638
50640
50643
50644
50647
50650
50657
50662
50666
50671
50676
51016
50684
50688
50692
50697
50712
50732
50735
50736
50738
50743
50745
50457
50637
50754
50756
50757
50763
50781
50788
50790
50799
50808
50809
50816
50827
50835
50842
50843
50846
50854
50863
50871
50872
50890
50892
50898
50903
50904
50908
50911
50206
50913
50917
50918
50939
50941
50945
50946
50947
50948
50950
50953
50956
50962
50965
50967
50970
50978
50984
50793
50986
50990
50993
51005
51011
51013
51017
51022
51026
51804
51028
50591
51540
51031
51058
51063
51067
51069
51077
51078
51082
51710
51084
51095
51098
51100
51106
51110
51117
51119
51126
51127
51133
51138
51142
51149
51780
51152
51164
51167
51172
50574
51181
51184
51197
51199
51204
51208
51209
51216
51221
51223
51224
51329
51231
51232
51243
51248
51256
51260
51262
51267
51268
51270
51271
51272
51274
51280
51284
51291
51293
51296
51298
51301
50397
51308
51317
51322
51325
51333
51340
51353
51354
51361
51363
51816
51373
51375
51376
51377
51380
51384
51386
51388
51389
51390
51392
51403
51586
51409
51410
51422
51424
51435
51681
51436
51440
51442
51463
51465
51467
51468
51476
51484
51489
51490
51493
51498
51499
51501
51502
51507
51513
51900
50127
51870
51056
51541
51542
51544
51546
51556
51560
51562
51570
51571
51577
50923
51589
51591
51592
51593
51596
51598
51599
51601
51604
51617
51619
51628
51636
51643
51644
51653
51657
51666
51669
51671
51438
51685
51689
51691
51692
51952
51695
51702
51703
51705
51711
51720
51724
51727
51728
51732
51734
51736
50351
51742
51749
51751
51754
51759
51761
51762
51763
51764
51765
51305
51776
51779
50943
51787
51796
51800
51803
50075
51810
51820
51821
51129
51823
51837
51843
51844
51855
51868
51872
51876
51879
51881
51882
51884
51885
51745
51903
51908
51919
51037
50714
51922
51947
51949
51752
51955
51960
51962
51969
51972
51980
51984
51988
51990
51992
50002
50012
50021
50026
50036
50040
50041
50052
50067
50072
50716
50074
50085
50092
51240
50103
50115
50118
50119
50198
50124
50143
50144
50145
50156
50056
50161
50175
50179
50180
50182
50190
50299
50213
50122
50217
50220
50222
50229
50231
50244
50248
50252
50259
50261
50264
50271
50272
50281
50282
50286
50292
50294
50304
51920
50308
50329
50333
50339
50341
50347
50349
50354
50358
50359
50365
51364
50368
50380
51055
50383
50385
50391
50403
50409
50411
50412
50420
50429
50433
50434
50445
50448
50449
50454
50473
50481
50487
50497
50498
50503
50507
50524
50527
50533
50066
50549
50645
50565
50566
50567
50580
51722
51054
50594
50603
50604
50610
50612
51579
50613
50646
50648
50652
50653
50658
50661
50667
50674
50681
50695
50700
50705
51341
51553
51940
50731
50733
50737
50749
50786
50791
50792
50794
51050
50795
50807
50812
50818
50819
51434
50822
50824
50831
51239
50848
50853
50855
50856
50860
50864
50869
50876
50879
50880
50894
50897
50899
50901
50929
50932
50935
50940
50942
51794
50949
50955
50204
50963
50964
50975
50980
50991
50992
50994
50996
51036
51924
51045
51047
51049
51075
51079
51083
51094
51103
51108
51109
51112
51114
51116
51124
51128
51130
51399
51141
51143
51145
50563
51147
51169
51177
51186
51194
51195
51205
51213
51335
51235
51244
51246
51254
51259
51269
51276
51279
51283
51287
51289
51294
51302
51313
51202
51319
50387
51323
51338
51339
51343
51772
51347
51355
51362
51378
51387
51395
51401
51407
51415
51417
51418
51420
51421
51433
51439
51443
50289
51456
51474
51482
51494
51500
51516
51522
51530
51531
51534
51535
51543
51547
51548
51847
51557
51567
51171
51574
51584
51588
51590
51600
51615
50606
51622
51624
51630
51631
51655
51662
51670
51673
51677
51678
51684
51696
51698
51699
51701
51706
50128
51709
51712
51721
51731
51740
51744
50514
50279
51350
51774
51812
51161
51784
51797
51029
51807
51781
51818
51819
51822
51828
51830
51849
51854
51862
51871
51873
51874
51883
51890
51898
51904
51905
51907
51909
51910
51911
51913
50314
51921
51926
51928
51935
51942
51945
51697
51958
50001
50030
50033
50035
50063
50068
50082
50088
50089
50090
50093
50096
50109
50112
50136
50148
51802
50168
50189
50208
50209
50460
51097
50283
50290
50301
50305
50322
50346
50350
50360
50371
50374
51330
50395
50677
50408
50419
50442
50443
50444
50868
50467
50470
50475
50486
50490
50511
50535
50551
50564
50571
50578
50595
50611
50615
50619
50626
50642
50659
50669
50678
50679
50693
50696
50699
50711
51836
50722
50724
50726
50761
50766
50782
50783
50796
50797
50813
50832
51312
50852
51683
50867
50873
50877
50882
50915
50874
50936
50960
50966
50972
50973
50428
51006
51010
51025
51044
51059
51060
51062
51068
51072
51085
51086
51096
51111
51123
51139
51144
51146
51148
50951
51154
51165
51575
51188
51196
51214
51219
50468
51233
51237
51238
51258
51264
51277
51297
51430
51564
51511
51159
51342
51357
51371
51381
51385
51402
51423
51428
51437
51441
51478
51580
51486
51492
51509
51328
51519
51524
51533
51538
51555
51311
51568
51573
51576
50627
51491
51602
51606
51608
51614
51623
51285
51651
51652
51674
51676
51680
51093
51716
50593
51729
51730
51753
51758
51768
51770
51778
51783
51788
50484
51789
51826
51841
51563
51861
51864
50087
51893
51923
51929
51930
51931
51934
51939
51973
50011
50023
50031
51310
50787
50073
50086
50131
50632
50147
50150
50170
50187
50202
51236
50916
50275
50288
50324
50326
50345
50413
50427
50431
50469
50493
50494
50518
50525
50532
50562
50568
50579
50596
50609
50625
50526
50663
50673
50689
50723
50741
50747
50751
50765
50775
50804
50823
50841
50850
50857
50886
50891
50906
50920
50924
50937
51682
51007
50686
50430
50384
51080
51087
51134
51155
51157
51162
51183
51786
51200
51234
50247
51282
51295
50100
51344
51356
51360
50173
51473
51479
51496
51523
51813
51565
50135
51585
51633
51659
51688
51766
50834
51842
51859
51865
51895
51529
51925
51957
51975
50010
50896
50065
50083
50102
50207
50233
51979
50285
51464
50295
51090
50435
50478
50482
50488
51757
50542
51153
50691
50725
50729
50800
50805
50817
51848
50844
50865
50902
51158
51088
51829
51156
51168
51288
50377
51405
51411
51446
51453
51481
51497
51637
51686
51717
51230
50176
51853
51899
51946
51995
50039
50134
51178
50378
50477
50599
50685
50769
50373
51032
50798
51537
51595
51610
51690
51771
51638
51645
