2008
2268
2131
2647
2025
2050
2121
2173
2189
2194
3402
2254
2317
2409
2429
2433
2463
2466
2480
2489
2492
2822
2554
2571
2618
2644
2671
2719
2727
2729
2768
2775
2797
2819
2314
2301
2829
2957
2963
2968
2999
3006
3011
3017
3039
3061
3234
3062
3079
3134
3140
3160
3170
3173
3238
3257
3258
3265
3300
3302
3312
3341
3349
3407
3408
3424
3426
3438
3446
3456
3509
3510
3520
3523
3525
3547
3550
3558
3560
3662
3664
3669
3671
3679
3687
3689
3697
3705
3717
3755
3756
3884
3938
3940
3941
3966
3970
2000
2004
2593
2042
2055
2059
2065
2066
2078
2088
2094
2099
3351
2104
2116
2122
2127
2130
2135
2137
2149
2155
2161
2163
2168
2169
2174
2187
2195
2197
2212
2216
2218
2222
2231
2232
2236
2891
2239
2253
2266
2269
2929
2281
2295
2299
2307
2310
2324
2333
2340
2353
2356
2361
2370
2372
2396
2398
2399
2402
2404
2422
2426
2432
2437
2442
2448
2449
2946
2455
2473
2476
2479
2484
2495
2506
2510
2512
2513
2531
2532
2536
2548
2549
2553
2568
2579
2580
2584
2587
2595
2597
2609
2623
2628
2631
3650
2643
2651
2668
3191
2669
2069
2681
2694
2698
2710
2711
2712
2721
2724
2730
2750
2756
2758
2771
2778
2781
2788
2791
2804
2807
2808
2810
2811
2833
2835
2837
2838
2839
2843
2854
2417
2325
2856
2863
2872
2877
2884
2892
2902
2911
2916
2920
2434
2935
2958
2959
2973
2981
2982
2985
2993
2996
3002
3020
3023
3030
3031
3032
3036
3040
3042
3044
3049
3064
3065
3073
3087
3101
3102
3122
3124
3127
3137
3142
3146
3156
3165
3171
3175
3178
3206
3207
3212
3219
3220
3222
3246
3247
3254
3264
3268
3271
3282
3291
3293
3296
3304
3332
3333
3334
3337
3354
3355
3357
3361
3367
3373
3381
3385
3403
3412
3416
3419
3421
2358
3425
3445
3453
3465
3474
3487
3488
3492
3499
3511
3513
3534
3538
3540
3541
3543
3549
3555
3557
3564
3569
3579
3588
3593
3596
3603
3626
3631
3632
3646
3648
2650
3659
3762
3661
3675
3680
3690
3704
3708
3712
3732
3737
3738
3743
3748
3758
3761
3766
3767
3768
3769
3770
3773
3780
3783
3787
3806
3807
3818
3820
3825
3826
3829
3852
3853
3856
3866
3877
2636
2083
3887
3905
3913
3919
3924
3927
3928
2385
3935
3947
3948
2972
3951
3954
3955
3963
3977
3980
3985
3986
3988
3995
2002
2006
2010
2011
2014
2016
2027
2043
2049
2051
2060
2063
2064
2079
2080
2090
2092
2093
2105
2106
2107
2115
2119
3784
2120
2125
2126
2139
2152
2160
2162
2167
2170
3733
2638
2177
2186
2779
2190
2201
2202
2203
2205
2726
2207
2219
2226
2229
2241
2045
2243
2245
2247
2249
2257
2259
2267
2275
2276
2280
2285
2292
2954
2302
2311
2316
2318
2328
2329
2334
2335
3467
2342
2350
3439
2375
2377
2378
2381
2382
2386
3028
2393
2427
2435
2445
2459
2461
2469
2481
2507
2903
2516
2526
2528
2529
2534
2537
2550
2562
2564
2576
2585
2586
2591
2592
2604
2605
2616
2619
2621
2627
2634
3895
2637
2182
2640
2641
2200
2642
2656
2658
2659
2326
2662
2682
2036
2687
2700
2705
2708
2713
2714
2718
2723
2731
2733
2734
2736
3121
2737
2742
3099
2753
2763
2764
2770
2773
2199
2787
2790
2793
2794
2795
3984
2802
2815
2817
2820
2821
2825
2828
2830
2831
3894
2841
2855
2864
2021
2878
2882
3623
2883
2887
2888
2242
2897
2898
2900
2262
2906
2914
2918
2925
2927
2928
2282
2931
2932
2938
2939
2940
2944
2945
2955
2964
2977
2379
2978
2984
2987
2989
3000
3273
3004
3013
3015
3019
3021
3041
3043
3045
3047
3048
3054
3059
3060
3067
3069
3080
3242
3082
3085
3086
3088
3089
3097
3106
3111
3115
3123
3126
3128
3129
3141
3147
3149
3152
3154
3163
3168
3176
3187
3188
3504
2581
3192
3205
3210
3215
3221
3237
3244
3249
3252
3253
3255
3261
3262
3270
3283
3286
3289
3297
3299
3301
3305
3310
3315
3320
3322
3326
3330
3435
3331
3339
3346
3352
3353
3360
3363
3366
3369
3370
3371
3372
3374
3378
3383
3384
3390
3394
3397
3398
3625
3404
3423
3433
3442
3447
3451
3462
3463
3464
3468
3472
3477
3600
2012
3479
3490
3497
3500
3503
3505
3506
3515
3524
3528
3530
3531
3554
3539
3556
3559
3417
3565
3572
3575
3580
3582
3967
3584
2696
3601
3609
3619
3620
3621
3633
3635
3636
3640
3902
3645
3653
3656
3668
3673
3959
3683
3695
3696
3703
3706
3709
3710
3716
3721
3728
3729
3730
3739
3745
3751
2436
3752
3754
3760
3772
3778
3781
3782
3799
3800
3803
3808
3817
3822
3831
3838
3841
3851
3854
3857
3859
3860
3862
3863
3865
3867
3869
3873
3878
3882
3883
3892
3898
3899
3900
3909
3914
3920
3922
3929
3937
3939
3158
3943
3968
3971
3974
3976
3978
3979
3989
3992
2001
2003
2005
2015
2019
2020
2023
2026
2030
2035
2037
2038
2039
2040
2041
2046
2052
2054
2058
2067
2070
2362
2073
2075
2077
2081
3904
2084
3245
2089
2097
2101
2109
2112
2113
2124
2305
2128
2133
2141
2143
2147
2153
2156
2157
2179
2180
2188
2206
2213
2221
2223
2224
2227
2230
2234
2235
2238
2240
2252
2260
2264
2277
2279
2284
2287
2291
2293
2298
2300
2303
2304
2309
2312
2321
2322
2861
2327
2330
2332
2343
2346
2352
2357
2508
2360
2366
2374
2376
3169
2380
2118
2389
2397
2400
2401
2403
2408
2410
2412
2415
2803
2416
2425
2431
3753
2444
2446
2456
3813
2457
2477
2483
2486
2487
2488
2491
2496
2500
2501
2502
2503
3786
2505
2509
2158
2515
2519
2520
2524
2530
3052
2535
2543
2544
2545
2546
2555
2558
2560
2563
2567
2570
2573
2575
2577
2588
2594
2596
2600
2601
2603
2608
2612
2614
2617
3449
2624
2626
2629
2630
2635
2047
2649
2652
2653
2474
2654
2657
2664
2670
2676
2677
2679
2685
2689
2691
2693
3604
2697
2701
2702
2704
3896
2715
2732
2735
2738
2741
2743
2745
2748
2752
2757
2759
2762
3460
2767
2774
2777
2784
2785
2792
2418
2814
2826
2845
2847
2848
2857
2858
2862
2746
2865
2874
2889
2894
2901
2522
2907
2908
2913
2924
2937
2942
2948
2950
2951
2103
2952
2961
2344
2962
2966
2967
2970
3953
2974
2979
2986
2988
2997
2998
3005
3009
3010
3025
3536
3027
3051
3055
3066
3070
3183
3735
3078
2754
3112
3846
3113
2740
3133
3136
3143
3145
3151
3155
3157
3166
3167
3177
3179
3181
3182
3186
3190
3193
3198
3203
3211
3216
3217
3228
3231
3236
3239
2095
3251
3263
3269
3272
3012
3274
3278
3280
3285
3292
3295
3303
3518
3306
3308
3311
3316
3317
3794
2061
3318
3410
3327
3335
3338
3340
3342
3344
3350
2111
3356
3362
3368
3377
3379
3380
3382
3388
3395
3396
3399
3401
3405
3413
3484
3415
3434
3336
3436
3441
3452
3454
3455
2772
2345
3470
2497
3471
3476
3481
3494
3501
3516
3517
3521
3529
3037
3542
2765
3545
3552
3622
3566
3571
3573
3574
3576
3577
3587
3598
3649
3599
3606
3615
3616
3618
3630
3637
3641
3644
3654
3655
3657
3658
3660
3665
3682
3686
3688
3692
3694
3698
3702
3713
3715
3718
3734
3740
3741
3746
3747
3757
3759
3763
3764
3774
2123
3785
3789
3792
3793
3795
3805
3809
3810
3811
3812
3814
3815
3819
3821
3828
2464
3830
3833
3835
3843
3844
3848
3850
3858
3868
2720
3897
3901
3651
2919
3907
3912
3915
3916
3917
3923
3925
3932
3933
3945
3962
3964
3965
3589
3972
3973
3981
3987
3998
3999
2017
2022
2024
2032
2688
2044
3779
2244
2683
2071
2072
2076
2085
2087
2091
2100
2102
2110
2114
2028
2145
2151
3204
2154
2166
2172
2175
2178
3952
2184
2192
2204
2210
2211
2217
2220
2233
2246
2250
2251
2258
2912
2263
2272
2273
2283
2290
2294
2296
2297
2308
2313
2315
2319
2320
2323
2331
2337
2338
2347
2349
2351
2359
2364
2367
2371
2373
2980
2384
2392
2394
2406
2407
2411
2419
2420
2424
2430
2438
2450
2451
2452
2454
2467
2655
2475
2482
2490
2498
2504
2514
2518
2521
2525
2533
2538
2541
2547
2551
2556
2561
2572
2574
2578
3200
2582
2053
2599
2602
3731
2606
2611
2613
2615
2622
2639
2646
3161
2666
2674
2678
2684
2690
2706
2709
2215
2744
2873
2747
2751
2755
2766
2782
2786
2798
2799
2800
2801
2805
2809
3634
2813
2824
2827
2832
2836
2840
2846
2849
3893
2850
2867
2868
2869
2870
2875
2879
2886
2893
2895
2896
2905
2917
3911
2922
2923
2933
2934
2936
2949
2960
2971
2976
2983
2991
2994
3003
3007
3008
3018
3033
3050
2540
3053
3057
3058
3068
3071
3072
3074
3075
3076
3077
3091
3096
3098
3100
3104
3105
3108
3109
3110
3125
3138
3139
3144
3148
3150
3961
3159
2667
3162
2383
3172
3180
3184
3194
3196
3201
3202
3208
3209
3218
3223
3224
3226
3227
3230
3232
3233
3063
3250
3260
3266
3275
3277
3279
2062
3284
3328
3347
3359
3375
3376
3387
3389
3391
3392
2289
3329
3411
3567
3422
3432
3437
3440
3444
3450
3458
3461
3466
3469
3485
3491
3493
3495
3496
3507
3512
3514
3418
3522
3537
3548
3551
3553
3561
3578
3581
3585
3586
3591
3597
3602
3608
3611
3612
3624
3607
3406
3638
3639
3642
3643
3663
3667
3672
3677
3678
3685
3701
3707
3714
3720
3723
3726
3744
3750
3765
2068
3791
3796
3798
3801
3804
2470
3823
3827
3839
3845
3849
3855
3870
3871
3880
3881
3886
3890
2853
3903
3908
3930
3931
3934
3936
3944
3946
3949
3950
3956
3957
3958
3975
3990
3997
3482
2018
2029
2031
2033
2034
2056
2086
2098
2108
2132
2134
2138
2140
2142
2144
2146
2171
2176
2191
2193
2196
2645
2208
2209
2214
2225
2237
2255
2256
2271
3024
2286
2306
2673
2341
2368
3942
2387
2390
2395
2405
2421
2439
2443
2447
2453
2458
2460
2866
2462
2465
2471
2478
2493
3473
2499
2511
2523
2527
2539
2552
2583
2590
2610
2632
2633
2648
2661
2665
2672
2680
2692
2695
2703
2707
2716
2739
2749
3546
2776
2780
2783
2789
2796
2818
2834
2851
3832
2871
2876
2899
2904
2909
2910
2926
2930
2941
2468
2953
2990
2992
2995
3014
2288
3029
3035
3046
3056
3092
3116
3118
3119
3131
3132
3135
3174
3185
3189
2675
3195
3197
3693
2159
3084
3243
3248
3267
3276
3281
3288
3294
3309
3319
3323
3343
3364
3365
3393
3400
3409
3428
3429
3448
2625
3459
3475
3502
3307
3519
3526
3527
3533
3544
3563
3592
3595
3480
3610
3617
3568
2885
3627
3647
3605
3666
3681
3699
3711
3727
2181
3083
3736
3742
3776
3777
2363
3788
3790
3321
3797
3834
3229
3081
3837
3872
3874
3875
3876
3879
3885
2852
3906
3918
3926
2185
3691
3960
3983
2806
3991
3993
3994
2881
2057
3324
3298
2082
2956
2117
2391
2148
2164
2165
2183
2198
2248
2274
2278
2336
2339
2354
2355
2074
3910
2413
2428
2947
2440
2441
2472
2494
2542
2557
2559
2565
2566
2598
2660
2686
2717
2728
2761
2812
2569
2844
2860
2890
2915
2943
2969
3016
3022
3034
3090
3153
3117
3213
3241
3256
3259
3287
3313
3314
3325
3348
3358
3535
3443
3478
3483
3431
3486
3489
3498
3199
3508
3802
3583
3594
3629
3628
3652
3674
3684
3719
3725
2607
3771
3775
3590
3824
3836
3840
3847
3861
3864
3888
3889
3891
3921
3982
3996
2007
2013
2048
2096
2150
2517
2228
2265
2270
2129
2842
2348
2369
2414
2620
2663
2760
2921
2975
3026
2423
3094
3120
3130
3214
3842
3235
3240
3386
3414
3427
3430
3457
3562
3570
3613
2823
3700
3749
3670
3969
2009
2136
2261
2365
2388
2699
2722
2769
2816
2880
3038
3093
3095
3164
3290
3345
3420
3676
3225
2965
2485
2589
2725
3001
3103
3107
3114
3614
3722
3724
3816
