20048
20000
21970
20071
20103
20111
20133
20138
21081
20182
20892
20246
20290
20348
20379
20388
20397
20734
20053
20400
20448
20471
20473
20474
20476
20479
20560
20569
20591
20610
20635
20644
20648
20665
20667
20670
20688
20695
20774
20784
20791
20838
20845
20851
20854
20885
20887
20916
20919
20997
21007
21019
21044
21070
21078
21080
21086
21087
21100
21110
21140
21141
21145
21166
21233
21293
21326
21343
20390
21370
21422
21460
21492
21523
21527
21535
21646
21732
21736
21742
21753
21756
21820
21825
21871
21877
21986
21901
21925
21950
21962
21982
20004
20011
20019
20022
20024
20028
20032
20036
20039
20046
20047
20051
20061
20062
20065
20068
20076
20081
20090
20091
20140
20151
20154
20172
20173
20174
20175
20190
20193
20205
20210
20237
20238
20239
20260
20264
20268
20275
20277
20282
20287
20299
20318
20319
20325
20327
20337
20338
20342
20501
20352
20355
20357
20365
20449
20369
20373
20377
20382
20389
20306
21389
20394
20396
20415
20422
20426
20435
20439
20446
20452
20454
20463
20489
20492
20493
20494
20999
20495
20504
20507
20518
20525
20528
20531
20780
20532
20551
20553
20555
20556
20557
20574
20114
20577
20586
20595
20597
20598
20616
20618
20619
20624
20629
20640
20641
20652
20661
20672
20675
20678
20684
20685
20704
20712
20716
20719
20726
20727
20730
21664
20743
20769
20908
20771
20533
20800
20803
20808
20827
20829
20830
20833
20843
20847
20855
20856
20863
20869
20883
20886
20273
20900
20904
20910
20929
20932
20954
20981
20988
20995
21011
21035
21045
21047
21514
21050
21072
21077
21751
21079
21085
21091
21102
21105
21106
21118
21127
21129
21139
21144
21147
21158
21162
21169
21172
21185
21186
21192
21194
21219
21222
21223
21225
21237
21241
20683
21249
21266
21269
21405
21279
21291
21297
21299
21304
21325
21331
21332
21339
21341
21353
21358
21363
21376
21377
21302
21382
21400
21286
21408
21413
21419
21420
21433
21442
20775
21444
21470
21475
21485
21490
21495
21501
21508
21512
21516
21519
21550
21558
21567
21569
20484
21572
21579
21582
21585
21590
21593
21601
21603
21606
21612
21626
21801
21628
21642
21643
21652
21659
21663
21667
21668
21671
21674
21680
21683
21686
21688
20776
21691
21704
21710
21712
21721
21723
21725
21757
21760
21771
21773
21777
21784
21792
21806
21811
21818
21823
21828
21831
21840
21841
21847
21850
21859
21860
21869
21873
21878
21880
21896
21898
21553
21905
21920
20228
21927
21943
21959
21965
21975
21976
21978
20664
21983
21996
20001
20012
20014
20018
20026
20029
20037
20041
20043
20044
20909
20045
20052
20064
20723
20074
20088
21477
20093
20097
20104
20105
21802
20110
20118
20122
20125
20134
20136
20143
20144
20157
20158
20159
20161
20169
20177
20185
20187
20192
20195
20198
20206
20207
20208
20217
20218
20782
20225
20231
20232
20243
20245
20247
20248
20251
20256
20262
20162
20266
20271
20272
20278
20279
20281
20283
20284
21216
20296
20298
20300
20304
20314
20315
20330
20335
20340
20347
20364
20370
20375
20376
20380
20386
20392
20393
20405
21178
20654
20416
20434
20436
20437
20442
20443
20455
21362
20457
20467
20468
20478
20487
20503
20506
20511
20512
20513
20516
20639
20519
20523
20527
20535
20536
20539
20544
20545
20547
20548
20552
20559
20564
20570
20576
20579
20583
20585
20587
20588
20592
20594
20596
20600
20601
20604
20607
20612
20614
20622
20631
20633
20637
20638
20647
20668
20673
20686
20691
20692
20693
20694
20700
20702
20707
20708
20990
20714
20307
20722
20728
20738
20742
20745
20746
20747
20748
20750
20753
20757
20759
20760
20761
20762
20764
20772
20778
20781
20788
20790
20795
20797
20801
20806
21625
20813
20826
20832
20834
20844
20857
20859
20861
20868
20870
20873
20874
20875
20882
20898
20049
20912
20915
20921
20922
20924
20925
20934
20937
20939
20944
20949
20955
20966
20968
21159
20970
20983
21595
20987
20993
20996
21014
21015
21016
21021
21027
21032
21033
21034
21039
21058
21060
21062
21063
21066
21068
21635
21069
21088
21090
21092
21096
21098
21103
21108
21115
21119
21128
21131
21134
21138
21146
21148
21152
20240
21157
21163
21175
21176
21177
21183
21189
21191
21193
21196
21200
21203
21209
21210
21212
20297
21220
21221
21228
21232
21235
21243
21244
21246
21259
21262
21264
21268
21275
21276
21280
21281
21289
21292
21296
21384
21303
21307
21308
21313
21314
21317
21318
21320
21322
21330
21335
21336
21338
21342
21348
21349
21352
21355
21357
20462
21371
21373
21378
21381
21388
21394
21397
21416
21423
21425
21428
21430
21445
21452
21453
21456
21462
21463
21473
21478
21480
21482
21484
21487
21726
21489
21502
21505
21506
21511
21053
21515
21521
21522
21524
21526
21542
21547
21549
20336
21555
21561
21562
21566
21571
20815
21580
21598
21609
21614
21615
21616
21618
21621
21623
21083
21636
21640
21641
21647
21648
21993
21649
21656
21657
20948
21677
21693
21695
21700
21706
21708
21711
21713
21715
21727
21730
21737
21739
21741
21746
21747
20274
21084
21761
21763
21770
21775
21776
21782
21785
21787
21788
21791
21797
21798
21634
20116
21804
21805
21808
21809
21810
21814
21629
21815
21819
20888
21821
21827
21833
21837
21839
21856
21861
21865
21872
21879
21881
21884
21886
21887
21888
21889
21899
21904
21909
21910
21911
21917
21918
21923
21924
21928
20186
21937
21253
21953
21956
21974
21977
21985
20212
21988
20003
20005
20015
20016
20976
20017
20021
20023
20031
20033
20096
20035
20040
20050
21372
20055
20059
20073
20078
20079
20092
20095
20101
20106
20107
20109
20115
21720
20117
20126
20130
20131
20132
20141
20146
20148
20149
20150
20152
20156
20165
20166
20167
20176
20178
20184
21941
20188
20196
20201
20213
20214
20215
20222
21935
20233
20234
20235
20241
20244
20253
20265
21758
20276
20280
20285
20289
20292
20301
20302
20383
20303
20391
20313
20316
20320
20321
20324
20326
20332
20333
20339
20345
20349
20350
20354
20356
20360
20368
20378
20384
20395
20402
20404
20409
20411
20413
20414
20418
20419
20421
20425
20427
20428
20431
20432
20438
20441
20445
20371
20451
21284
20458
20464
20483
20485
20486
20490
20496
20497
20505
20145
20508
20520
20524
20530
20534
20546
20554
20563
20565
20567
20571
20572
20573
20589
20603
20606
20609
20613
20617
20623
20630
20632
20634
20521
20642
20643
20651
20653
20433
20677
20658
20674
20682
20689
20706
20709
20710
20713
20715
20718
20721
20732
20733
20447
20737
20744
20754
20758
20783
20763
21702
20230
20787
20789
20794
20796
20799
20802
20805
20807
20809
20810
20814
20816
20817
20819
20820
20824
20837
20848
20850
20866
20871
20872
20880
21826
20891
20895
20896
20897
20901
20906
20911
20918
20923
21885
20930
20942
20945
20946
20947
20951
20660
20952
20960
20961
20967
20971
20972
20973
20974
20977
20978
20979
20985
21001
21002
21003
21006
21008
21010
21012
21018
21620
21024
21036
21038
21051
21052
21056
21057
20063
21059
21073
21075
21076
20226
21082
21093
21094
21097
21099
21101
21551
21255
21107
21120
21123
21135
21136
21150
21153
21155
21161
21164
21660
21167
20429
21184
21188
21197
20072
20821
21199
21204
21205
21208
21213
21214
21217
21226
21229
21236
21238
21252
21114
21256
21257
21260
21265
21272
21273
21278
21282
21283
21290
21294
21295
21300
21738
21301
21310
21311
21315
21316
21324
21327
21328
21329
21481
21340
21346
21351
21354
21365
21375
21379
21380
21383
21386
21387
21398
21399
21402
21406
21407
21410
21412
21414
21417
21421
21424
21429
21432
21435
21438
21439
21441
21443
21446
21449
21450
21451
21461
21464
21471
21474
21344
21493
21494
21500
21503
21525
21528
21530
21531
21537
21539
21545
21546
21919
21554
21190
21557
21578
21581
21584
21592
21594
21596
21599
21604
21607
21617
21619
21630
21632
21639
21645
21651
21655
20756
21670
21672
21673
21681
21684
21689
21690
21696
21698
21699
21707
21714
21716
21717
20120
21724
21733
21734
21306
21740
21745
21752
21755
21759
21766
21767
21781
21783
21790
21794
21795
21799
21288
21800
21813
21822
21824
21830
21835
21838
21842
21844
21570
21849
21862
21864
21866
21867
21870
21874
21875
21876
21891
21894
21900
21902
21906
21912
21915
21922
21931
21936
21938
21939
21945
20964
21947
21952
21957
21963
21964
21966
21967
21969
20099
21971
21972
21979
21981
21907
21991
21994
21995
21999
20002
20007
20008
20009
20013
20025
20034
20042
20056
20060
20069
21201
20075
20080
20082
20089
20098
20108
20119
20121
20139
20509
20155
20160
20267
20163
20164
20180
21198
20191
20200
20203
20204
20211
21997
20216
20221
20236
20252
20258
20259
20261
20269
20294
20725
20309
20322
20323
20328
20331
20343
20351
20358
20361
20363
20372
20374
20305
20398
20403
20407
20410
20417
21151
20423
20453
20456
20461
20469
21224
20477
20482
21576
20491
20498
20353
20514
20515
20522
20529
20537
20541
20542
20549
20558
20568
20578
20580
20593
20599
20620
20625
20628
20646
20650
20655
21992
20669
20659
20680
20687
20690
20697
20698
20112
20699
20085
20420
20751
20752
20766
20767
21457
20779
20768
20785
20786
20792
20793
20798
20804
20811
20823
20831
20836
20839
20840
20841
20842
20846
20852
20858
20860
20879
20881
20889
20899
20902
20903
20773
20913
20920
20926
20928
20933
20938
20956
20962
20963
21948
20975
20980
20984
21312
20986
20992
20994
20502
21004
21040
21041
21392
21042
21054
21065
21095
21109
21111
21112
21496
21116
21125
21126
21132
21133
21142
21149
20739
21154
21160
21165
21170
21173
21174
21179
21180
21182
21575
21206
21215
20481
21231
21234
21247
21251
21254
21263
21267
21274
20459
21298
21309
21319
21337
21345
21360
21005
21361
21367
21369
21385
21391
21395
21396
21409
21411
21431
21434
21436
21447
21448
21465
21466
21467
21483
21486
21488
21117
21497
21498
21507
21513
21517
21518
21520
21529
21532
21538
21541
21000
21543
21564
21568
21857
21573
21574
21586
21587
21597
21028
21622
21627
21817
21631
21633
21638
21650
21654
21661
21662
21666
21676
21679
21692
21697
21709
21729
21731
21768
21772
21774
21778
21780
21789
21796
21816
21832
21834
21843
21846
21848
21858
20663
21868
21890
21895
21903
21908
21916
21921
21929
21930
21933
21940
21942
21944
21946
21949
21955
21958
21960
21973
21984
21987
21989
21653
21998
20027
20030
20440
20054
20058
21064
20066
20067
20070
20083
21504
20084
20087
20100
20711
20113
20581
20123
20124
20128
20129
20135
20137
20142
20153
20170
20171
20179
20183
20199
20202
20224
20242
20249
20250
20255
20257
20263
20286
20293
21476
20102
20308
21556
20344
20346
20359
20381
20387
20401
20406
20430
20444
20460
20466
20475
20480
20488
20510
20538
20540
20550
20590
20608
20615
20621
20657
20662
21882
20671
20679
20681
21261
20701
20703
20705
20724
20731
20735
20741
20749
20755
21591
20818
21202
20828
20862
20864
20865
20877
20890
20907
20927
20935
20943
21687
20969
20020
20998
21548
21364
21020
21023
21025
21026
21029
21031
21037
21048
21055
21071
21074
21089
21122
21130
21137
21143
21156
21187
21195
20197
21207
21211
21218
21227
21239
21242
21245
21250
21270
21271
21277
21285
21807
21323
21333
21350
21356
21359
21368
21374
21401
21403
21418
21426
21427
21437
21440
21458
21459
21468
21469
20310
21499
21533
21534
21536
21544
21552
21559
21560
21563
21565
21589
21600
21608
21611
21613
20822
21644
21658
21168
21669
21113
21678
20094
21701
21705
21722
21491
21728
21735
21749
21754
21764
21769
21779
21829
21851
20254
21853
21863
21883
20940
21897
21913
21934
21951
21961
21968
20010
20329
20168
20194
20209
20220
20223
20227
20982
21854
20270
20288
20291
20312
20317
20341
20362
20366
20367
20385
20399
20412
20424
20450
20470
20472
20499
20500
20575
20584
20602
20605
20611
20636
20989
20649
20666
20676
20720
20729
20736
20812
20835
20853
20867
20876
20884
20931
20936
20941
20950
20957
20958
20965
20959
21017
21022
21061
21067
21104
21121
21181
21240
21248
21258
21305
21321
21334
20057
21390
21393
21404
21415
21455
21472
20038
20086
21509
21682
21588
20991
21605
21624
21637
21675
21685
21743
21744
21748
21750
21762
21765
21803
21812
21836
21845
21855
21914
21932
21980
21990
20006
20077
21703
20181
20219
20229
20311
20408
20517
20526
20543
20561
20562
20582
20627
20645
20696
20765
20777
20825
20849
20878
20893
20905
20917
20953
21013
21043
21049
21124
21171
21230
21954
21287
20717
21347
21366
21454
21583
21602
21665
21694
21718
21719
21786
21852
21892
21893
21926
20127
20147
20295
20334
20566
20626
20740
20770
20894
21030
21046
21479
21510
21540
21610
20189
20465
20656
21009
21577
