36010
36200
36014
36068
36084
36109
36113
37079
36157
36193
36264
36282
36312
36339
36354
36364
36407
36416
36491
36494
36503
36511
37877
36524
36536
36538
36578
36580
36582
36589
36613
36614
36616
36622
36623
36662
36672
36674
36677
36680
36690
36694
36701
36716
36739
36765
36775
36530
36786
36843
36882
36922
36925
36993
37959
36995
37039
37042
37047
37048
37075
37088
37116
37132
37139
37142
37145
37178
37207
37221
37752
37239
36835
37280
37358
37374
37421
37438
37439
37449
37464
37514
37524
37541
37617
37668
37700
37757
37815
37824
37840
37841
37845
37852
37905
37937
37953
37956
37966
37967
37991
36004
36005
36006
36012
36025
36033
36037
36067
36074
36082
36085
36093
36105
36106
36117
36125
36126
36142
36149
36150
37974
36161
36185
36212
36213
36222
36226
36254
36262
36265
36266
36267
36268
36279
36281
36294
36298
36299
36304
36306
36307
36310
36311
36316
36319
36348
36350
36458
36366
36374
36375
36376
36379
36385
36387
36391
36396
36406
36415
36420
36422
36443
36888
36447
36449
36463
36465
36476
37455
36481
36496
36502
36507
36509
36522
36529
36554
37470
36561
36594
36596
36607
36618
36624
36629
36634
36639
36644
36649
36654
36659
36665
36671
36693
36698
36704
36714
36725
36726
36728
36736
36740
36762
36763
36768
36770
36773
36783
36792
36798
36799
36803
36828
36844
36850
36854
37264
36858
36861
36872
36898
36916
36918
36926
36931
36942
36721
36947
36951
36971
36972
36990
37006
37008
37012
37029
37041
37854
37049
37057
37065
37067
37068
37080
37081
37555
37095
37109
37149
37176
37189
37192
37205
37206
37208
37211
37247
37248
37255
37261
36199
36460
37267
37274
37284
37287
37060
37288
37310
37311
37323
37330
37336
37341
37345
37346
37354
37361
37369
37371
37380
37382
37390
37406
37415
37420
37423
37424
37427
37432
37437
37446
37451
37456
37460
37461
37465
37467
37471
37144
37475
37501
37507
37519
37526
37538
37548
37550
37556
37567
37583
37585
37587
37591
37601
37607
37610
37612
37619
37620
37633
37641
37643
37644
37646
37655
37667
37672
37673
37678
37679
37690
37691
37692
37695
37707
37719
37911
37721
37728
37731
37732
37733
37743
37744
37745
37755
37764
37773
37777
37780
37783
37786
37697
37792
37798
37799
37826
37569
37162
37833
37851
37855
37865
37866
37884
37894
37895
37907
37928
37932
37936
37942
37943
37951
37958
37981
37987
37005
37989
37996
36003
36009
36017
36020
36023
36027
36029
36030
36031
36035
36039
36042
36044
36045
36046
36143
37000
36055
36065
36069
36076
36079
36081
36087
36089
37367
36092
36097
36108
36114
36115
36118
36129
36131
36133
36135
36139
36141
36057
36145
36146
36152
36155
36162
36168
36173
36174
36177
36189
36192
36201
36204
36205
36216
36224
36227
36243
36251
36259
36261
36269
36272
36280
36284
36286
36291
36296
36302
36305
36308
36318
36320
36330
36332
36338
36343
36349
36352
36356
36373
36384
36388
36392
36395
36398
36414
37759
37904
36426
36431
36432
36434
36442
36444
36450
36326
36452
37271
36457
36459
36464
36466
36467
36470
36477
36482
36483
36486
36492
36493
36498
36499
36501
36508
36807
36533
36541
36551
36555
36558
36567
36568
36570
36571
36576
36577
36579
36581
36584
36597
36602
36604
36608
36611
36615
36619
36620
36625
36626
36630
36632
36635
36637
36641
36642
36650
36655
36663
36679
36681
36683
36687
36696
36699
36700
36707
36709
36712
36717
36719
36393
36727
36394
36735
36743
37011
36750
36757
36759
37689
36761
36780
36781
36784
36785
36790
36800
36802
36804
36808
36809
36813
36817
36744
36822
36827
36829
37329
36837
36841
36847
36852
36871
36873
36874
36876
36877
36883
36884
36886
36887
36896
36908
36909
36910
36915
36919
36921
36924
36934
36936
36940
36944
36946
36953
36955
36962
36969
36975
36977
36980
37066
36986
36998
36058
37002
37010
37019
37020
37024
37025
37028
37036
37038
37043
37246
37044
37061
37069
37070
37071
36504
37077
36171
37086
37101
37104
37426
37106
36231
37133
37143
37146
36660
37147
37154
37850
37170
37172
37184
37185
37191
37665
37193
37195
37214
37223
37227
37229
37234
37238
37243
37244
37253
37254
37256
37275
37277
37282
37283
37285
37286
37290
37021
37291
37297
37300
37312
37313
37314
37322
37326
37332
37337
37600
37347
37359
37366
37378
37384
37387
37933
37388
37402
37404
37411
37414
37417
37422
37434
37435
37436
37445
37447
37450
37588
36275
37452
37468
37469
37488
36520
37493
37499
37500
37503
37509
37512
37513
37518
37523
37525
37531
37534
37537
37547
37554
37558
37561
37564
37922
37805
37570
37578
37579
36077
37582
37590
37598
37603
37604
37608
37614
37621
37622
37625
37629
37631
37634
37639
37543
37645
37662
37663
37666
37670
37674
37675
37680
37684
37685
37693
37701
37702
37703
37704
37710
37711
37713
37716
37717
37727
37729
37730
37742
37747
37750
37249
37763
37775
37776
37782
37790
37794
37797
37803
37806
37807
37808
37814
37820
37821
37822
37828
37830
37835
37842
37844
37847
37858
37867
37869
37871
36526
37882
37886
37887
37898
37900
37902
36428
37908
37914
37916
37919
37920
37925
37927
37935
37940
37941
37949
37952
37955
37957
37963
37964
37965
37971
37973
37975
37979
37988
36754
37990
37999
36000
36436
36351
36013
36019
36028
36032
36038
36047
36052
36053
36054
36060
36061
37984
36062
36078
36080
37486
36083
36095
36110
36116
36120
36136
36137
36147
36148
36154
36159
36160
36163
36165
36169
36172
37321
36176
36184
36187
36191
36195
36197
36198
36209
36214
36217
36218
36219
36228
36229
37141
36234
36237
36242
36244
36245
36248
36249
36250
36253
37686
36255
36258
36260
36271
36274
36276
36277
36285
37913
36289
36295
36309
36313
36325
36329
36331
36334
36335
36337
36340
36342
36344
36355
36357
36359
36360
36361
36369
36371
36372
36377
36378
36983
36380
36399
37628
36401
36404
36421
36423
36425
36429
36430
36435
36440
36445
36451
36889
36453
36469
36472
36479
36480
36488
36490
36505
36513
36515
36519
37496
36535
36540
36542
36543
36544
36545
36552
36557
36559
36564
36565
36573
36592
36598
36599
36605
36609
36621
37998
36633
36640
36657
37152
36661
36664
36666
36675
36676
36684
36689
36691
36695
36697
36705
36706
36720
36724
36729
36737
36745
36748
36749
36752
36755
36760
36771
36774
36779
36787
36791
36793
36795
36796
36801
36830
36832
36834
36838
36839
36840
36842
36845
36849
36851
36856
36857
36862
36863
36539
36864
37058
36867
36870
36879
36880
36461
36121
37379
36890
36905
36920
36927
36932
36933
36900
36939
36949
36954
36958
36963
36973
36976
37140
36979
36382
36985
36987
37230
36988
36997
37001
37003
37007
37009
37015
37017
37027
37050
37052
37055
37056
37074
37076
37089
37657
37091
37098
37100
37111
37113
37129
37130
37131
36794
37137
37158
37160
37161
37163
37166
37168
37171
37180
37522
37181
37190
37197
36812
37199
37202
37213
37215
37216
37218
37232
37233
37235
37236
37245
37252
36859
37272
37276
37278
37279
37281
37289
37294
37302
36104
37305
37309
37316
37317
37318
37324
37325
37333
37334
37335
37340
37342
37351
37356
37357
37364
37373
37376
37377
37381
37393
37394
37395
37396
37397
37398
37399
37403
37408
37413
37430
37431
37440
37442
37453
37458
36560
37880
37463
37878
37476
37478
37480
37489
37490
37492
37494
37495
37497
37498
37504
37510
37511
37515
37520
37521
37529
37542
37652
37551
37565
37568
37572
37576
37577
37580
37586
37589
37592
37593
37594
37595
37348
37602
37615
37623
37624
37626
37637
37649
37650
37654
37656
37194
37671
37676
37681
37687
36769
37696
37699
37706
37709
37714
37718
37723
37724
37725
37726
37734
37736
37737
37738
37739
37740
37748
37749
37751
37754
37758
37760
37762
37767
37774
37781
37785
37292
37787
36531
37789
37810
37103
37823
37836
37838
37843
37860
37862
37868
37873
37875
37876
37889
37899
37903
37618
37722
36292
37915
37924
37926
37715
37929
37118
37945
37947
37948
37954
36673
37033
37969
37972
37978
37980
37982
36066
37985
37992
37995
37997
36002
36011
36015
36021
36024
36026
36036
36040
36041
36059
36063
36064
36071
36075
36098
36099
36102
36103
37306
36112
36119
36124
36128
36138
36140
36156
37566
36158
36170
36194
36196
37268
36203
36208
37429
36211
36220
36225
36232
36235
37409
36236
36241
36247
36256
36278
36345
36290
36303
36314
36317
36321
36323
36455
36327
36363
36336
36347
36018
36386
36389
37270
36734
36408
36411
36413
36418
36433
36016
36441
36446
36454
36468
36473
36475
36484
36485
36487
36495
36500
36506
36514
36516
36517
36521
36523
36525
36527
36528
36547
36548
36549
36550
36583
36585
36591
36144
36593
36601
36603
36606
36617
36638
36645
37801
36646
36668
37962
36685
36686
36692
36702
36713
36723
37153
36730
36741
37224
36747
36756
36758
36766
36767
36772
36776
36778
36782
36788
37890
36789
37200
36814
36816
36819
36820
36823
36833
36836
36860
36892
36895
36903
36904
36906
36911
36913
36914
36928
36929
37054
36930
36938
36943
36950
36952
36957
36959
36961
36965
36970
36974
36978
36981
36989
37014
37026
37031
37032
37034
37037
37040
37051
37059
37301
37062
37064
37082
37083
37084
37085
36732
37090
37094
37099
37102
37108
36134
37110
37117
37946
37121
37124
37126
37127
37134
37135
37136
37150
37092
36419
37539
37156
37173
37174
37183
37187
37640
37196
37295
37209
37528
37226
36999
37231
37240
37046
37257
37258
37259
37260
37263
37265
37266
36405
37273
37788
37212
37298
37303
37304
37308
37315
37319
37320
37327
37331
36600
37338
37353
37362
37365
37375
36941
37383
37385
37392
37410
37412
36566
37416
37444
37448
36471
37885
37454
37482
37483
37484
37505
37182
37530
37533
37535
37536
37169
37746
37544
37549
37552
37559
36164
36489
37605
37609
37611
37613
37632
37203
37642
37651
37653
37658
37659
37660
37664
37677
37540
37682
37688
37793
37720
37735
37546
37753
37761
37766
37770
37771
37778
37784
37795
37796
37800
36652
37575
37812
37813
37817
37819
37466
37832
37856
37870
37874
37883
37891
37892
37897
37219
37906
36346
37910
37360
37921
37931
37938
37944
37950
37960
36182
37976
36636
36008
36022
36049
36050
36051
36072
37584
36086
36088
36091
36094
36100
36101
36111
37818
36123
37112
36151
36167
36179
36183
36186
36188
36202
36207
36210
36221
36223
37635
36230
36239
36246
36263
36273
37457
36283
36293
36300
36322
36324
36333
36341
37918
36358
36362
36365
36367
36368
36383
36742
36397
36410
36412
36417
37165
36424
36437
36456
36478
36512
36518
36534
36866
36546
36556
36562
36569
36572
36575
36586
36587
36588
36590
36595
36627
36631
36648
36651
36656
36669
36682
36708
36710
36715
36948
36733
36738
36826
36746
36753
36764
36777
36805
36806
36815
36821
36825
36846
36848
36853
36855
36865
36881
36885
36448
36891
36894
36897
36902
36907
36912
36917
36937
36956
36960
36964
36968
36984
36991
37237
37004
37994
37993
37013
37293
37022
37023
37030
37035
36868
36992
37072
37093
37834
36073
37114
37120
37123
37138
36982
37151
37157
37159
37167
37179
37186
37198
37204
37217
37222
37241
37242
37250
37299
37328
37349
37355
37930
37363
37368
37370
37386
37389
37391
37405
37419
37433
37443
36574
37474
36090
37506
37516
37517
37532
37545
37096
37560
37849
37571
37573
37597
37599
37616
37912
37627
37630
36233
37097
37661
37694
37705
37741
37756
37769
37772
37779
37791
37802
37809
37811
37827
37829
37831
37837
36107
37853
37857
37859
37872
37879
37881
37479
37893
37896
37574
37923
37401
37934
37961
37977
37986
36001
36007
36034
36043
36056
37115
37339
36153
36166
36175
36180
36181
36206
36288
36297
36315
36353
36301
36390
36400
36439
37269
36462
37462
36474
36497
36510
36532
36553
37839
37418
36610
36612
36628
36647
36653
36658
36667
36678
36688
36711
36718
36722
36731
36797
36810
36811
36818
36824
36831
36869
36875
36899
36923
36945
36966
37018
37045
37073
37105
37107
37119
37122
37125
37481
37188
37201
37909
37220
37225
37251
36370
37296
37307
36178
37344
37350
37372
37407
37128
37428
37459
37491
37502
37508
37527
37228
37553
37562
37581
37596
37606
37636
37647
37648
37669
36257
37708
37712
37939
37768
37846
37848
37861
37863
37472
37888
37901
37983
36048
36070
37053
36122
36127
36132
36190
36240
36252
36270
36287
36403
36438
36537
36563
36670
36703
36878
36967
37063
37148
37175
37177
37210
36751
36996
37352
36096
37400
36238
37425
36215
37473
37487
37683
36402
37638
37698
36427
37816
37825
37864
37155
37917
37968
37970
36328
36381
37078
36643
36901
36994
37016
36935
37087
37164
37343
37441
37485
37557
37563
37765
36130
37477
36893
36409
