70008
71708
70058
70071
70103
70106
70236
71289
70137
70189
70226
70265
70278
70289
70292
70305
70322
70347
71451
70375
70407
70419
70429
70525
70537
70573
70594
71382
70605
70666
70682
70684
70687
70690
70698
70707
70742
70744
70757
70778
70786
70788
70790
70808
70817
70829
70833
70838
70864
70884
70910
70920
70932
70936
70957
70970
70996
71012
71020
71031
71041
71071
71081
71086
71098
71121
71146
71150
71151
71152
71194
71195
71198
71219
71220
71241
71264
71268
71290
71294
71295
71330
71356
71397
71410
71442
71484
71508
71544
71549
71559
71560
71571
71621
71631
71655
71666
71674
71683
71710
71754
71755
71758
71765
71800
71809
71828
71830
71865
71866
71870
71883
71887
71901
71907
70749
71269
71961
70009
70013
70021
70022
70026
70168
71232
70029
70076
70086
70090
70091
70100
70101
70108
70113
70126
70129
70134
70151
70154
70156
70157
70176
70186
70187
70193
70195
70203
70208
70216
70217
70238
70240
70797
70888
70246
70266
70271
70272
70281
70283
70300
70865
70304
70315
70316
70319
70320
70342
70362
70364
70367
70378
70381
70392
70404
70408
70409
70416
70438
70441
70442
70446
70447
70452
70461
70464
70470
70475
70480
70487
70496
70506
70731
70507
70524
70526
70528
70533
70539
70551
70552
70560
70561
70572
70576
70582
70585
70589
70591
70592
70604
70612
70615
70618
70626
70634
70640
70642
70649
70652
70660
70663
70668
70669
70677
70681
70688
70689
70692
71707
70694
70703
70708
70721
70485
70504
70723
70729
70520
70738
70739
70768
70802
70809
70839
70842
70850
70853
70872
70882
70889
70890
70894
70922
70937
70819
70938
70940
70944
70949
71578
70959
70975
70978
70030
70981
70997
71008
71026
71034
71042
71046
71047
71063
71066
71077
71078
71083
71088
71090
71104
71105
71106
71133
71134
71137
71140
71143
71154
71157
71163
71169
71174
71181
71186
71188
71189
71202
71203
71212
71222
71225
71227
71242
71257
71259
71261
71274
71279
71296
71321
71322
71329
71332
71335
71353
71364
71366
71367
71368
70326
71375
71388
71389
71391
71392
71404
71411
71423
71427
71468
71479
71480
71495
71505
71511
71515
71528
71530
71531
71534
71535
71536
71543
71550
71562
71566
71570
70105
70274
71572
71598
71603
71609
71618
71619
70062
71625
71645
71653
71658
71664
71675
71686
71688
71693
71111
71714
71724
71738
71743
71745
71767
71788
71834
70608
71838
71850
71851
71864
71867
71869
71873
71875
71882
71886
71891
71892
71897
71902
71911
71912
71917
71925
71936
71949
71952
71963
71977
71988
71992
71996
70771
71997
70007
70011
70012
70014
70015
70016
70017
70018
70023
70027
70034
70036
70037
70942
70038
70046
70050
70486
70066
70079
70093
70095
70097
70104
71906
70199
71575
70117
70118
70124
70130
70132
70136
70138
70139
70141
70146
70148
71612
70149
70158
70161
70163
71701
70166
70173
70179
70182
70185
70192
70202
70204
70207
70210
70213
70215
70219
70229
70231
70235
70237
70227
70242
70253
70257
70264
71807
71611
70153
70267
70279
70280
70282
70285
70286
70290
70294
70298
70307
70311
71110
70318
70338
70341
70348
70349
70350
70353
70354
70385
70358
70363
70366
70370
70382
70679
70383
70393
70395
70400
70403
70406
70411
70413
70414
70421
70423
70425
70428
70431
70433
70439
70449
70453
70454
70457
70460
70466
70467
70468
70471
70479
70483
70488
70492
70493
70494
70500
70503
71635
70659
70508
70512
70516
70531
70532
70534
70541
70544
70549
70550
70555
70566
70574
70580
70586
70587
70336
70596
70603
70606
70614
70621
70635
70639
70641
70644
70650
70653
70667
70671
70675
70676
70693
70700
70704
70706
70710
70711
70714
70727
71608
70735
70748
71554
70751
71057
70766
70769
70772
70774
70780
70789
70796
70798
70799
70801
70803
70804
70806
70987
70813
70939
70820
70822
70824
70825
70841
70845
70852
70861
70869
70871
70877
70881
70886
70255
70855
70892
71766
70895
71580
71885
70906
70916
70918
70927
70928
70929
70931
70933
70934
70935
70040
70946
70952
70960
70962
70965
70979
70980
70982
70993
71004
71005
71009
71011
71014
71015
71018
71019
71023
71033
71035
71050
71068
71074
71075
71076
71080
70999
71084
71231
71093
71096
71107
71109
71115
71118
71348
71122
71131
71132
71147
71153
71155
71165
71168
71178
71183
71184
71327
71187
71197
71199
71201
71215
71223
71224
70249
71292
71095
71245
71246
71247
71249
71255
71276
71281
71288
71291
71299
71306
71316
71319
71326
71331
71333
71337
71338
71341
71346
71351
71355
71359
71362
71383
70248
71378
71395
71396
71398
71839
71401
71405
71408
71417
71421
71422
71803
70142
71429
71438
71443
71449
71452
71315
71455
71464
71467
70620
71469
71478
70198
71483
71487
71488
71497
71499
71737
71500
71502
71503
71504
71509
71513
71522
71525
71529
71533
71537
71546
71548
71551
71553
70755
71577
71521
71581
71585
70324
71590
71600
71610
70627
71622
71630
71633
71636
71641
71643
71648
71650
71661
71663
71667
71668
71670
71671
71678
71680
71681
71684
71691
71280
71694
71704
71706
71709
71711
71717
71719
70171
71721
71723
71728
71729
71733
71739
71740
71746
71751
71756
71757
71761
70899
71768
71769
71776
71777
71779
71782
71783
71785
71786
71791
71796
71802
71434
71805
70268
70477
70611
71808
71817
71818
71825
71826
71827
71833
71840
71846
71847
71848
71854
71855
71858
71861
71862
71863
71872
71874
71880
71896
71898
71916
71924
71926
71927
71928
71933
70384
71943
71948
71953
71954
71957
71958
71960
71981
70144
71984
71989
71993
70000
70001
70206
70010
70031
70041
70044
70045
70048
70049
70051
70053
70465
70056
71637
70064
70065
70069
70072
70082
70083
70092
70096
70098
70111
70123
70135
71436
70164
70167
70047
70170
70175
70180
70181
70183
70184
70188
70191
70194
70522
71485
70028
70214
70220
70222
71514
70223
70230
70233
70241
70054
70243
70254
70258
70260
70261
70284
70288
70291
70296
70297
70303
70306
70308
70313
70314
70323
71591
71376
70327
70328
70332
70337
70343
71932
70345
70351
70352
70357
70373
70374
71258
70379
70394
70397
70401
71318
70415
70420
70422
70424
71190
70427
70145
70437
70445
70448
70456
70459
70462
70463
71589
70674
70472
70499
70501
70502
70726
70514
70515
70518
70519
70521
70527
70536
70542
70543
70563
70564
70568
70569
70579
70570
70577
70584
70369
70593
70599
70602
70610
71815
70619
70837
70630
70633
70636
70638
70645
70651
70654
70656
70511
71689
70664
70670
70685
70697
70699
70705
70716
70717
70720
70732
70734
70737
70740
70745
71407
70747
70750
70752
70754
70758
71418
70759
70770
70773
70777
70781
70783
70787
70793
70805
70807
70810
70631
70847
70849
70856
70859
70953
70873
70876
70880
70887
70897
70907
70310
70912
70941
71001
70943
70964
70967
70971
70973
70974
70976
70985
70990
70995
70998
71089
71929
71000
71002
71006
71010
71017
71022
71027
71028
71037
71039
71044
71048
71049
71052
71053
71054
71055
71058
71059
71060
71067
71070
71072
71593
71073
71085
71091
71092
71103
70330
71119
71123
71124
71125
71129
71130
71136
71141
71144
71148
71149
71156
71158
71162
71171
71172
71175
71180
71185
71191
71200
71205
71208
71213
71216
71217
71228
70247
71240
71244
71250
71251
70583
71252
71260
71262
71263
71265
71266
71267
70005
71270
71272
71273
70455
71278
70174
71304
71308
71310
71576
71311
71313
71459
71317
70417
71324
71193
71328
71344
71345
71349
71352
71358
71370
71374
71377
71379
71380
71386
71393
70002
71414
71415
71426
71428
71435
71440
71446
71447
70405
71453
71206
71454
71465
71466
71470
71471
71472
71477
71481
71486
71489
71493
71498
71507
71695
71512
70914
71523
70924
71539
71542
71555
71556
71557
71558
71563
71565
71567
71568
71312
70963
71582
71587
71597
70741
71579
71615
71617
71620
71626
71632
70510
71282
71638
71646
71647
71657
71660
71662
71669
70172
70702
71712
71713
71715
71726
71727
71731
71732
71736
71744
71747
71748
71752
70554
71759
71762
71770
71775
71781
71787
71792
71795
71814
71816
71824
71832
71835
71836
71837
71403
71842
71845
71852
71859
71860
71524
71888
71082
71890
71903
71905
70109
71915
71922
70948
71934
71939
71941
71942
71944
71951
71965
71969
71971
71975
71976
71982
70556
71985
71990
71994
70025
70032
70039
70052
70055
70059
70063
70070
70077
70078
70080
70081
70087
70088
70089
71496
70094
70112
70115
70119
70120
70121
70122
70127
70128
70140
70143
70147
70150
70875
70162
71722
70196
70110
70205
70218
70221
70225
71235
70228
70159
70239
70244
70245
70251
70259
70263
70287
70295
70312
70317
70355
70356
70595
70371
70372
70386
70387
70389
70399
71424
70402
70412
70426
70440
70458
70473
70474
70481
70484
70489
71931
70495
70509
70513
70201
70523
71794
70530
70538
70540
70546
71760
70559
70562
70565
70575
70588
70597
70598
71843
70609
70613
70622
70632
70637
70655
70657
71910
70673
70691
70695
70709
70712
70713
70718
70719
70728
70733
70736
70743
70753
70760
70761
70765
70004
70775
70776
70785
70792
70794
70795
70252
70811
70814
70815
70826
70827
70832
70834
70835
70840
70846
70848
70854
70858
70862
70870
70878
70879
70891
70896
70901
70903
70905
70908
70911
70913
70923
70926
70262
70930
70951
70954
70955
70961
70966
70972
70988
70991
70992
71016
71021
71029
71032
71036
71038
71043
71051
70767
71062
71064
71069
71094
71097
71100
71101
71720
71112
71114
71126
71127
71139
71161
71166
71176
71179
71196
71117
71458
71211
71214
71218
71221
71230
71234
71238
71552
71248
70360
71286
71287
71239
71301
71323
71334
71339
71340
71342
71128
71350
71369
71371
71372
71373
71381
71384
71385
71394
71399
71400
71402
71409
71412
71419
71425
71430
71431
71437
71439
71441
71444
71448
71456
71461
71473
71474
71490
71491
71492
70224
71516
71517
71518
71520
71538
71541
71545
71253
71569
71574
71583
71588
71594
71599
71601
71606
71810
71607
71616
71623
71627
71629
71639
71649
71651
71659
71665
71672
71673
71677
71692
71696
71698
71702
71703
71716
71718
71735
71742
71749
71753
71772
71773
71778
71780
71784
71789
71793
71170
71343
71799
71812
71819
71821
71822
71823
71841
71844
71853
71857
71868
71877
71878
71881
71889
71893
71895
71904
71908
71913
71914
71918
71919
71923
70505
71937
71955
71956
70746
71966
71970
71972
71979
71980
71991
71995
71998
70006
70020
70024
70042
71363
70057
70067
70073
70396
70075
70099
70114
70133
71986
70443
70275
70155
70160
70843
70165
70178
70200
70209
70623
70211
71390
70256
70947
70270
70293
70299
70921
70321
70325
70331
70334
70335
70600
70339
70340
70344
70359
70361
70365
70377
71945
70391
70398
70418
70432
70435
70152
70478
70482
70725
70068
70490
70491
70553
71987
70557
70578
70571
70581
71256
70590
70601
70607
70616
70617
71475
70628
70672
70497
70390
70680
70683
70686
70696
70701
70722
70724
71450
70730
70800
70821
70380
70830
70836
70177
70851
70893
70857
70863
70309
70866
70529
70867
70883
70885
70898
70904
70917
70919
70925
70950
70956
70958
70977
70818
70989
71003
71007
71013
71024
71030
71061
71065
71087
71099
71116
71135
71138
71159
71160
71164
71173
71182
71207
71210
71226
71229
71233
71236
71237
71243
71254
71277
71697
71284
71298
71303
71314
71320
71325
71354
71357
71360
71387
71413
70763
71445
70756
71460
71462
71463
71476
71482
71506
71510
71584
71526
71527
71561
71564
71573
71592
71102
71894
71602
71604
71605
71613
71628
71642
71644
71656
71676
71682
71687
71699
71725
71750
70535
71763
71771
71790
71764
71798
71962
71685
71806
71884
71899
71909
70678
71921
71930
71947
71950
71856
71973
71978
70043
70074
70084
70107
70116
70125
70190
70197
70232
70250
70269
70273
70277
70302
70333
70368
70831
70388
70444
70451
70545
70547
70558
70625
71624
70629
70643
70648
70658
70662
70762
70764
70779
70784
70823
70828
70844
70860
71935
70169
70915
70945
70983
70986
70994
71025
71040
71045
71056
71079
71108
71113
71145
71801
71177
70436
71192
71271
71640
71283
71297
71300
71302
71307
71309
71336
71804
71347
71361
71365
70661
71406
71416
71420
70410
71432
71433
70102
71532
71547
71586
71614
71652
71679
70665
71690
71519
71700
71730
70085
71734
71741
71797
71811
71813
71820
71849
71871
71900
71920
70902
71938
71959
70019
71964
71974
71983
70003
70984
70035
70131
70276
70301
70376
71501
70430
71285
70061
70868
70548
70567
70234
70646
70791
70812
70816
70900
71540
70874
70969
71596
71209
71204
71293
71305
71457
71494
70909
70476
71595
71654
71705
71829
71831
71876
70346
71968
70033
71120
70212
70434
70450
70498
70517
70624
70715
71967
70968
70060
71634
71940
71946
71999
70647
70782
71142
71275
71879
71774
70469
