32018
32915
32037
32060
32064
32087
32328
32102
32112
32115
32140
32155
32164
32183
32193
32198
32219
32239
32264
32265
32267
32275
32283
32298
32348
32386
32394
32411
33592
32444
32477
32483
32496
32500
32503
32563
32575
32587
32592
32656
32666
32674
32675
32709
32774
32781
32786
32792
32793
32817
32824
32849
32853
32870
32872
32901
32906
32908
32910
32921
32924
32945
32950
33026
33047
33065
33069
33095
33109
33143
33206
33241
33248
33264
33292
33151
33316
33337
33364
33416
33438
33455
33540
33612
33625
33691
33700
33740
33779
33817
33833
33852
33853
33862
33969
32766
33993
32003
32012
32030
32034
32036
33481
32073
32086
32110
32660
32132
32135
32143
32145
32159
32166
32168
32172
32185
32197
32215
32426
33768
32216
32223
32238
32243
33699
32251
32268
32270
32271
32272
32286
32287
32291
32303
32307
32310
32311
32324
32326
32327
32330
32331
32341
32342
32351
32359
32364
32369
32390
32395
32401
32409
32418
32421
32427
32437
32447
32454
32459
33939
32472
32484
32490
32491
32498
32508
32510
32513
32527
32529
32533
32535
32536
32538
32541
32543
32550
33471
32554
32564
32583
32598
33212
32605
32614
32615
32617
32630
32637
32640
32650
32571
32663
32692
32704
33965
32707
32747
32753
32767
32768
32776
32778
33486
32779
32791
32805
32809
32813
32826
32848
32885
32886
32900
32914
32920
32939
32940
32943
32944
32963
32966
32975
32977
32982
32985
32992
32998
32999
33000
33005
33039
33046
33049
33055
33070
33079
33092
33097
33102
33104
33115
33120
33127
33128
33139
33146
33162
33163
33167
33172
32214
33182
33193
33196
33197
33203
33204
33207
33209
33211
33228
33230
33232
33234
33251
33252
33265
33266
33289
33307
33308
33321
33341
33343
33346
33349
33365
33373
33388
32912
33393
33400
33419
33442
33446
33453
33456
32402
33459
33472
33479
33503
33509
33517
33523
33551
33527
33531
33532
33533
33534
33535
33545
33556
33558
33582
33600
33604
33614
33617
33623
33629
33637
33642
33644
33601
33654
33664
33666
33673
33683
33688
33693
33696
33697
33707
33715
33734
33737
33741
33756
33761
33786
33793
33795
33796
33803
33804
33806
33808
33810
33812
33831
33855
33861
33864
33874
33876
33883
33894
33896
33897
33900
33902
32242
32546
33912
33933
32478
33940
33960
33968
33981
33989
33994
33995
32008
32010
32014
32017
32019
32765
32029
32032
32038
32043
32053
32054
32057
32061
32065
32067
32072
32076
32078
32080
32090
32106
32107
32108
32119
32121
32126
33225
32130
32160
32163
32167
32173
32174
33618
32176
32179
32186
32461
32189
32201
32204
32188
32205
32213
32221
32222
32227
32229
32230
32234
32236
32237
32273
32277
32278
32280
32285
32289
32292
32294
32297
32301
32304
32306
32312
32313
32314
33945
32315
32334
32338
32346
33484
32363
32347
32362
32358
32368
32377
32381
32382
32385
32391
32398
32403
32408
32415
32422
32425
32430
32431
32433
32446
32451
32453
32462
32468
32469
32474
32479
33758
32486
32495
32497
32501
32509
32511
32515
32516
32517
32520
32524
32532
32539
32542
33599
32556
32558
32560
32561
32195
32565
32569
33881
32669
32585
32591
32594
32597
32601
32618
32622
32624
32625
32075
32629
32632
32634
32635
32643
32648
32652
32655
32133
32667
32676
32682
32686
32694
32701
32705
32708
32710
32715
32716
32717
32718
32722
32724
32725
32727
32728
32729
32732
32733
33559
32734
32749
32752
32770
33500
32772
32777
32784
32789
32794
32796
32797
32803
32814
32820
32821
32823
32416
32551
32825
32836
32838
32846
32847
32850
32857
32862
32873
32876
32883
32884
32889
32893
32217
32902
32909
32911
32918
32922
32923
32926
32927
32929
32930
32932
32934
32938
32941
33476
32947
32951
32952
32953
32954
32955
32958
32956
32961
32970
32971
32974
32976
32990
32991
32993
32994
32996
32997
33007
33008
33011
33013
32843
33014
33019
33022
33029
33030
33051
33054
33057
33059
33063
33066
33071
33080
33083
33084
33085
33090
33094
33096
33105
33111
33122
33123
33125
33133
33678
33138
33142
33144
33147
33150
33159
33161
33164
33166
33168
33176
33179
33180
33185
33188
33194
33208
33213
33220
33222
33223
33226
33231
32263
33233
33236
33240
33244
33246
33247
33249
33254
33258
33261
33276
32016
33282
33288
33291
33293
32417
32981
33298
33312
33313
33315
33322
33324
33327
33335
33339
33344
33708
33345
33352
33353
33358
33359
33368
33377
33378
33380
33382
33387
33391
33392
33396
33397
33407
33408
33410
33415
33418
33421
33423
33425
33429
33430
33950
33431
33439
33440
33443
32196
33445
33454
33457
33847
33460
33468
32913
33469
33478
33483
33492
33493
33494
33496
32775
33502
33505
33529
33541
33547
32371
33549
33557
32467
33562
33571
33576
33578
33580
33588
33589
33594
33602
33609
33628
33631
33636
33651
33659
33660
33665
33670
33676
33686
33689
32056
33701
33711
33712
33713
32013
33718
33720
33723
33727
33735
33743
33746
33749
33751
33752
33755
33757
32492
33475
33763
33766
33205
32005
33767
33784
33785
33789
33790
33797
33798
33811
33819
33821
33822
32664
33825
33839
33846
33857
33860
33863
33867
33869
33870
33880
33242
33886
33892
33898
33905
33920
33930
33931
33936
33938
33948
33434
33951
33953
33957
33959
32399
33963
33973
33978
33979
33984
33985
33997
32000
32001
32002
32114
32004
32009
32015
32022
32023
32024
32026
32033
32042
32045
32046
32047
32051
33710
32058
32059
32068
32069
32071
32092
32094
32095
32098
32100
32101
32109
32117
32122
32125
32127
32128
32129
32134
32139
32144
32148
32149
32152
32153
32154
32323
32157
32170
32180
32190
32192
32199
32202
32203
32209
33187
32904
32244
32245
32247
32250
33907
32252
33087
32258
32260
32276
32281
32282
32284
32296
32299
32318
32319
32104
32335
32339
33326
32340
32349
32350
32355
33463
32356
32366
33350
32370
32372
32374
32375
32378
32379
32383
32384
32387
32396
32397
32400
32404
32406
32424
32218
32428
32429
32436
32440
32441
32443
32448
32452
32458
32464
32466
33564
32471
32473
32476
32482
32493
32504
32505
32506
32507
32512
32521
32523
32526
32531
32537
32540
32574
32547
32549
32832
32771
32555
32593
32599
32600
32606
32608
32609
32612
32619
32621
32623
32628
32633
32636
33296
32641
32646
33333
32654
32665
32668
32670
32671
32673
32679
32680
32683
32684
32685
32687
32688
32690
32691
32696
32699
32700
32703
32713
32714
33759
32741
32744
32745
32746
32751
32754
32756
32757
32758
32761
32764
32773
32782
32783
32801
32807
32808
32816
33919
32818
32822
32828
32830
32831
32833
32835
32840
32842
33018
32844
32852
32856
32858
32864
33584
32865
32869
32871
32874
32875
32877
32880
32881
32882
32887
32890
32892
32897
33470
32919
33543
32937
32965
32968
32969
32972
32228
32978
33004
33012
33017
33021
33023
33024
33028
33032
33882
33035
33037
33040
33042
33045
33050
33053
33056
33016
33060
33062
33064
33067
33074
33076
33088
33098
33100
32620
32861
33106
33113
33116
33117
33119
33121
33679
33129
33132
33134
33135
33137
33145
33643
33148
33154
33155
33156
33157
33158
33160
33173
33174
32470
33177
32798
33184
33192
33195
33966
33202
32613
33221
33250
33314
33255
33257
33268
33270
33271
32695
33272
33275
33280
33281
33283
32611
33295
33300
33306
33310
33311
33317
33319
33325
32344
33330
33332
33444
33837
33550
33354
33360
33366
33370
33374
33375
33394
33398
33403
32224
33404
33411
33413
33124
33626
33218
33414
33436
33348
33447
33449
33452
33462
33464
33465
33466
33489
33655
33477
33488
33498
33507
33511
33512
33513
33514
33519
33521
33536
33539
32964
33552
33554
33561
33563
33566
33572
33574
33579
32879
33583
33587
33590
33596
33656
33603
33605
33606
33610
33613
32177
33620
33621
33622
32302
33627
33638
33639
33640
33662
33663
33671
33674
33675
33677
33140
33681
33682
33692
33694
33695
33698
33702
32957
33703
33347
33709
33714
33716
33717
33721
33724
33725
33728
33729
33731
33736
33739
33742
33747
33748
33760
33762
33764
33771
33772
33780
33787
33788
33499
33799
33802
32410
33807
33813
33820
33829
33834
33835
33840
33975
33844
33152
33851
33597
33856
33888
33889
33895
33899
33901
33903
33904
33906
33910
33916
33918
32819
33923
32206
33928
33934
33942
33943
33952
33956
33961
33210
33967
33974
33982
33988
33991
33998
33719
32021
32025
32028
32039
32044
32049
32050
32063
32631
32079
32081
32082
32084
32096
32099
32103
32113
32006
32120
32123
32131
32138
32146
32147
32151
33794
32158
32169
33284
32837
32171
32191
32200
33929
33405
32225
33003
32231
32232
32041
32240
33914
32246
32249
32253
32256
32262
32269
32279
33775
32434
32288
32305
32308
32309
32317
32322
32325
32337
32343
32345
32352
32357
32361
32365
32367
32380
32389
33461
32552
32407
32698
32423
32435
32439
32455
32456
33183
32481
32489
32494
32502
32518
32519
33871
32522
32534
32544
32420
32559
32576
32577
32578
32579
33178
33570
32581
32603
32604
32616
32626
32627
32638
32639
32642
32649
32661
32662
32677
32697
32300
32711
32712
32719
32693
32720
32735
32736
32738
32742
32748
32755
32759
32763
32031
33996
32568
32787
32800
32743
32806
32829
32834
32845
32855
32859
32860
32863
32868
32878
33585
32891
32894
32896
33395
32917
32928
32936
32946
32959
32960
32962
32979
32983
32986
32987
32988
32487
32995
33010
33015
33061
33020
33025
33027
33033
33034
33043
33044
33048
33052
33058
33072
33073
33075
33077
33648
33078
33089
33091
33103
33118
33131
33136
33149
33854
33165
33169
33170
33171
33175
33181
33201
33776
33214
33216
33227
33237
33238
33239
33245
33253
33260
33726
33262
33278
33279
33290
33294
33304
33305
33256
33323
33329
33334
33336
33338
33351
33356
33361
33362
33363
33367
33372
33381
33386
33390
33402
33406
33412
33422
33426
33301
33432
33435
33730
33530
33450
32562
33473
33474
33765
32949
32077
32353
33485
33497
33501
33504
33506
33508
33510
33515
33516
33525
33526
32360
33537
33538
33542
33553
33567
33568
32586
32457
33593
33595
33859
32557
33619
33624
33633
33641
33153
33645
33646
33649
33650
33652
33653
32785
33657
33668
33672
33130
33680
33684
33687
33690
33722
33732
33745
33769
33770
33773
32293
33777
33781
33783
33814
33815
33816
33827
33830
33841
33848
33849
33858
33866
33868
33877
33878
33884
33891
33893
33909
33915
33917
33921
33922
33925
33937
32332
33941
33946
33947
33954
33962
32737
33971
33972
33850
32610
33101
33976
33986
33990
33999
33913
32007
32020
32040
32241
32062
32066
32083
32085
32088
32089
32097
32105
32111
32116
32118
32124
32136
32141
32388
32142
32156
32162
32178
32181
32187
32566
32210
32212
32226
32235
32248
32255
32266
32274
32290
32295
32329
32333
32373
32392
33964
32405
32412
32827
32419
33842
32432
32442
32445
32450
32460
32194
32463
32465
32480
32485
33002
32514
32525
32530
32545
33932
32570
32548
32580
32589
32595
32644
32653
32657
32658
32659
32678
32689
32721
32723
32731
32740
32769
32790
32795
33186
32799
32802
32804
32810
32811
32812
32839
32854
33110
32866
32888
32898
32903
32905
32925
32931
32942
32967
32973
32980
32984
32989
33009
33038
33041
33068
33081
33082
32259
33983
33112
33114
33420
33141
33189
33190
33199
33200
33215
33427
33229
33243
33259
33263
33267
33269
33277
33285
33287
32645
33309
33318
33328
33340
33342
33357
33369
33371
33376
33379
33385
33389
33399
33409
33428
33437
33441
33451
33480
33487
33491
33518
33522
33524
33546
33548
33528
33555
32739
33036
33560
33581
33591
33615
33616
33630
33632
33647
33086
33661
33667
33669
32261
33733
33744
33753
33791
33792
33805
33818
33828
33836
33838
33467
32528
33872
33873
33879
32572
32257
33908
33924
33926
33935
33944
33949
33955
33958
33977
33987
33992
33782
32011
32070
32074
32093
32182
33448
32254
33235
32316
32320
32321
32336
32376
32488
32449
32499
32553
32582
32590
32596
32602
32607
33107
32647
32672
32681
32730
32702
32706
32726
32750
32760
32762
32780
32184
32841
32851
32895
32916
32933
32935
32948
33302
33001
33006
32413
33093
33191
33927
33217
33224
33887
32175
33303
33355
33658
33383
33482
33800
33520
33544
33569
33575
33577
32867
33586
33608
33424
33634
33685
33706
33274
33458
33750
33754
32815
32220
33774
32161
33823
33824
33826
33832
32438
33843
33845
33865
33875
33704
33573
33890
33286
33219
33970
32035
32048
32052
32055
32211
32207
32233
32354
32393
33099
32414
33299
32567
32573
32588
33980
33273
32788
32899
32907
33031
33126
33320
32584
33198
32137
33433
33331
33384
33417
33490
33495
33598
33611
33705
33778
33801
33911
32027
32091
32208
33635
32165
32150
33809
32475
32651
33885
33565
33607
33401
33738
