12001
12363
12056
12194
12209
12227
12266
12310
12336
12343
12381
12393
12398
12419
12420
12434
12438
12441
12452
12457
12458
12463
12504
12517
12521
12568
12583
12608
12609
12635
12638
12679
12726
12740
12759
12797
12828
12858
12875
12897
12908
12954
12962
12974
12994
13004
13021
13023
13059
13014
13087
13090
13133
13148
13152
13160
13236
13256
13270
13276
13325
13340
13351
13353
13412
13466
13493
13497
13505
13571
13592
13597
12002
13631
13679
13691
13722
13749
13776
13807
13868
13908
13948
12992
13997
12008
12009
12010
12014
12020
12025
12032
12040
12045
12072
12076
12077
12082
12084
12092
12094
12985
12100
12114
12121
12127
12129
12131
12133
12143
12323
12146
12152
12162
12175
12195
12197
12204
13838
12207
12219
12225
12226
12230
13043
12233
12246
12247
12277
12283
12286
12290
12297
12304
12318
12330
12332
12340
12347
12351
12355
12362
12367
12382
12386
12401
12403
12409
12422
12423
12429
12433
12446
12454
12461
12466
12474
12483
12486
12487
12488
12500
12501
12507
12508
12514
12515
12519
12523
12532
12546
12563
12572
12582
12599
12612
12618
12622
12629
12640
12642
12647
12652
12653
12655
12656
12661
12670
12673
12683
12692
12694
12695
12699
12713
12715
12718
12721
12722
12731
12742
12760
12767
12774
12775
12778
12780
12787
12793
12800
12809
12813
12345
12817
12502
12821
12829
12832
12835
12837
12842
12859
12863
12866
12876
12879
12898
12899
12913
12916
12920
12926
12939
12942
12945
12946
12949
12970
12978
12980
12982
12984
12995
13009
13035
13039
12243
12144
13045
13058
13070
13074
13075
13079
13095
12885
13096
13105
13132
13144
13149
13159
13162
13166
13176
13179
13850
13183
13205
13208
13212
13222
13223
13232
13251
13262
13264
13274
13277
12959
13288
13293
13295
13298
13306
13310
13312
13315
13318
13333
13335
13336
13345
13347
13348
13354
13284
13365
12703
13387
13396
13397
13399
12199
13402
13418
13432
13433
13437
13445
13453
13456
13463
13470
13116
13472
13511
12464
13531
13546
13551
13552
13553
13556
13566
13581
13588
13591
13596
13598
13599
13641
13604
13607
13611
13612
13615
13618
13619
13628
13635
13606
13650
13652
13653
13656
13661
13675
13678
13680
13700
13703
13731
13732
13739
13750
13757
13759
13763
13764
13766
13767
13774
13784
13789
13791
13798
13809
13811
13821
13825
13839
13844
13852
13925
13865
13910
13913
13361
13922
13926
13936
13939
13954
13961
13964
13970
13973
13976
12321
13981
13993
13998
12004
12006
12012
12022
12024
12027
12033
12038
12042
12049
12050
12057
12060
12061
12062
12064
13748
12067
12083
12086
12081
12087
12091
12099
12106
12117
12120
12122
12130
13056
12157
12966
13953
12172
12182
12185
12187
12196
12606
13406
12206
12210
12217
12220
12223
12224
12229
12248
13486
12249
12489
12257
12264
13685
12272
12278
12280
12282
12287
12288
12294
12295
12299
12300
12808
12305
12322
12334
12335
12350
12369
12370
12371
12372
12376
12380
12389
12392
12404
12407
12411
12292
12412
12416
12421
12435
12436
12440
12444
12450
12453
12462
12465
12467
12470
12475
12476
12485
12493
12494
12497
12520
12525
12526
12533
12535
12538
12539
12542
12544
12549
12552
12553
13912
12554
12557
12565
12569
12580
12589
12592
13514
12594
12607
12610
12614
12615
12617
12620
12621
12624
12626
12634
12637
12639
12658
12659
12662
12664
12668
12669
12675
12677
12678
12686
12687
12693
12696
12704
12706
12708
12714
12729
12733
12737
12739
12744
12748
12751
12752
12758
12762
12770
12771
12779
12360
12786
12801
12811
12812
12822
12293
12830
12846
12851
12856
12857
12862
12864
12865
12873
13579
12882
12887
12814
12888
12894
13665
12896
12912
12923
12924
12927
12928
12932
12871
12934
12940
12943
12948
12952
12955
12017
12956
12960
12964
12975
12977
12979
13408
13446
12983
13005
13013
13015
13017
13018
13020
13029
13242
13033
13036
13040
13046
13136
13047
13062
13065
13071
13000
13072
13076
13078
13086
13089
13092
13097
13101
13104
13106
13107
13109
13110
13112
13113
13115
13117
13120
13121
13123
13128
13134
13145
13147
13151
13156
13164
13169
13170
13173
13177
13181
13184
13185
13186
13192
13198
13199
13202
13204
13213
13215
13218
13220
13221
13228
13234
13238
13265
13266
13267
13500
13269
13273
13280
13287
13289
13294
13309
13326
13837
13331
13346
13349
13352
12807
13924
13373
13374
13379
13380
13381
13393
13410
13420
13427
13430
13431
13434
13442
13448
13451
13460
13478
13480
13487
13489
13490
13498
13499
13502
13503
12843
13506
13509
13513
13516
13517
13519
13521
13522
13530
13534
13538
13540
13541
13542
13547
13550
13555
13564
13565
13569
13573
13582
13584
13594
13595
13601
13603
13605
13608
13614
12929
13617
13622
13634
13640
13643
13646
13649
13651
13655
13657
12906
13668
13677
13690
13692
13694
13699
13704
13706
13710
13713
13715
13725
13726
13803
13728
13733
13735
13737
13740
13742
13745
13762
13769
13773
13780
13787
13792
13794
13796
13813
13827
13828
13829
13843
13851
13858
13862
13864
13866
13867
13872
13873
13874
13878
13881
13882
13887
13888
13898
13903
13909
13914
13923
13892
13931
13932
13938
13943
13956
13958
13966
13967
13375
13971
12935
13977
13673
13980
13995
12000
12003
12011
12018
12029
12031
12035
12037
12047
12051
12055
12065
12070
12071
12075
12079
12080
12089
12085
12095
12096
12098
12101
12102
12103
12105
12107
12110
12123
12126
12132
12136
12137
12141
12150
12154
12155
12156
12158
12410
12163
12169
12581
12174
12180
12183
12053
12190
12192
12193
12201
12202
12203
13554
12205
12216
12231
12235
12236
12238
12241
12250
13011
12256
12903
12270
13567
12291
12298
12317
12320
13991
12324
12325
12328
12331
12337
12338
12339
12348
12349
12356
12357
12654
12361
13835
12368
12377
12378
12379
12383
12384
12385
13512
12387
12394
12395
12405
12408
12424
12426
12428
12431
12443
12445
12447
12448
12455
12469
12472
12477
12478
12479
12491
12319
12499
13962
12509
12513
12524
12529
12534
12536
12540
12551
12558
12560
12561
12562
12566
13246
12567
12574
12584
12585
12588
12590
12591
12593
12600
12601
12604
13400
12200
12623
12627
12632
12633
12636
12641
12648
12649
12651
12366
12663
12667
12672
12681
12684
13299
12690
12698
12702
12705
12710
12711
12716
12717
13637
12719
12723
12732
12734
12741
12746
12749
12750
12755
12756
12757
12761
12764
12772
12788
12789
12795
12796
12799
12803
12309
12892
12816
12819
12826
12827
12836
13507
12849
12854
12860
12861
12870
12468
13979
12881
12889
13068
12890
12895
12900
12036
12901
12904
12909
12910
12911
12921
12936
12944
13291
12963
12965
12969
12971
12124
12976
12987
12990
12993
13119
12997
13003
13010
13012
13088
13016
13022
13024
13030
13753
12776
13032
13044
13052
13055
13057
13082
13094
13099
13114
13122
13135
13049
13138
13139
13140
13141
13142
13143
13241
13165
13172
13182
13187
13189
13190
13193
13195
13200
13201
13207
13211
13216
13217
13219
13224
13226
13227
13230
13235
13239
13243
13245
13249
13250
13252
13257
13258
13263
13278
13279
13285
13286
13290
13296
13300
13303
13305
13313
13316
13319
13320
13322
13324
13337
13342
13343
13344
13350
13357
13358
13359
13364
13367
13378
13386
13388
13398
12613
13401
13403
13407
13417
13419
13423
13426
13428
13435
13436
13438
13440
13483
13443
13449
13461
13467
13469
13473
13475
13481
13485
13786
12254
13491
13492
13495
13271
13501
13510
12391
13525
13526
13533
13536
13539
13543
13545
13549
13557
13560
13562
13570
13577
13580
13590
13593
13600
12341
13613
13624
13627
13629
13632
13645
13648
13658
13659
13663
13667
13669
13671
13672
13992
13676
13681
13683
13684
13688
13689
13698
13709
13711
13714
13716
13718
13727
13741
13747
12078
13754
12471
13755
13777
13778
13779
13785
13788
13790
13793
13795
13814
13441
13816
13819
13833
13834
12375
12541
13836
13842
13847
13853
13854
13855
13857
13859
13870
13871
13875
13883
13885
13886
13889
13891
13893
13896
12530
13901
13906
13911
13915
13918
13920
13927
13929
13933
13949
13950
12510
13952
13963
13965
13974
13987
13994
12005
12015
12016
12019
12021
12026
12028
12030
12039
12054
12058
12063
12068
12069
12073
12090
12093
12111
12112
12115
12116
12118
12125
13942
12134
12145
12616
12149
12161
12165
12168
12170
12179
12181
12186
12189
12213
12214
12232
12234
12239
12240
12251
12253
12255
12460
12260
12265
13255
12269
12276
12279
12281
12413
12831
12302
12308
12311
12312
12315
12316
12505
12148
12326
12329
12333
12342
12346
12790
12364
12365
13452
12373
12396
12402
12406
12417
12425
12430
12437
12442
12456
12459
13544
12473
12262
12490
12496
13823
12824
12512
12522
12527
12537
12543
12556
12559
12564
12570
12571
12575
12576
12577
12685
12578
12177
12587
12596
12605
12625
12628
12643
12644
12645
12646
12650
12657
12665
12666
12674
12689
12697
12707
12712
12724
12730
12736
12745
12754
12766
12769
12782
12783
12785
12798
12802
12805
12806
12820
12825
12833
12838
12840
12841
12844
12845
12852
12869
12877
12880
12794
13098
12915
12919
12925
12930
12937
12941
13812
12947
12951
12176
12968
12973
12981
12986
12988
12007
12998
13073
13002
13006
13007
13008
13019
13031
13038
13054
13064
13066
13069
13080
13081
13083
13091
13100
13102
13103
13111
13001
13125
13126
13712
13127
13137
13150
13155
13157
13158
12171
13161
13167
13168
13174
13191
13209
13210
13214
13225
13229
13231
13237
13244
12573
12275
13259
13261
13268
13281
13282
13283
13297
12691
13301
13302
13307
13308
13317
13153
13330
13338
13341
13355
13363
13366
13368
13369
13371
13372
13376
13389
13390
13394
13409
13411
13413
13415
13422
13429
13439
13818
13455
13462
13465
13468
13471
13474
13476
13496
13504
13520
13523
13528
12481
13532
13537
13548
13558
13561
12296
13572
13575
13576
13578
12884
13585
13586
13602
13609
13610
13623
12967
13625
13630
13633
12358
13647
13674
13682
13687
13693
13697
13719
13730
13736
13743
13760
13765
13768
13770
13771
13772
13781
13782
13488
13799
13802
12950
13817
13960
13826
13831
13832
13334
13841
13848
13194
13849
13863
13869
13879
13884
13894
13899
13907
12555
13916
13919
13930
13935
13941
13945
13946
13955
13969
13077
13975
13986
13988
13989
13830
13990
12958
12034
12284
13723
12041
12044
12046
12048
12052
12191
12059
12066
12108
12119
12113
12139
12142
12159
13163
12173
12184
12188
12198
12212
12215
12221
12228
12242
12545
12258
12263
12267
12274
12314
12818
12352
12354
13662
12359
12374
12397
12399
12167
12414
12418
12432
12449
13876
12451
13535
12482
12484
12492
12495
12810
12528
13840
12547
12548
12595
12597
12603
12631
12660
12680
12579
12688
12700
12727
12735
12738
12743
12747
12753
12765
12768
12777
12784
12792
13362
12531
12815
12823
12834
12848
12855
12868
12878
13321
12883
12902
12905
12907
12914
12917
12922
12938
12953
12957
13626
12991
12996
13026
13028
13037
13048
13051
13053
13060
13063
13067
12893
13984
13084
13494
13130
13146
13178
13188
13860
13197
13247
13248
13253
13254
13260
13272
13275
13383
13304
13314
12891
13327
13328
13339
13356
13972
13382
13384
13385
13404
12989
13416
13424
13425
13450
13457
13458
13477
13479
13482
12999
13484
13508
13515
13518
13529
12208
13559
13563
13568
13574
13583
13587
13589
13636
13638
13639
13644
13654
13660
13666
13670
12273
13686
13696
13701
13707
13131
13717
13724
13738
13752
13756
13761
13783
13729
13805
13808
13810
13820
13824
12211
13845
13846
13203
13877
13897
13900
13905
13921
13934
13940
13947
13951
12178
13957
13978
13982
13983
13985
13999
12088
12097
12104
12128
12138
12153
12160
12166
12218
12222
12237
12244
12245
12252
12301
12306
12307
12313
12327
13616
12388
12400
12427
12874
13758
12503
12506
12720
12516
13904
12550
12598
12151
12671
12682
13392
12709
12773
12961
13042
12839
12850
12853
12872
12918
13621
12933
12972
12268
13025
13050
13061
13085
13118
13124
13332
13175
13968
13180
13233
13240
13292
13323
13329
13360
13370
13377
13391
13395
13444
13447
12390
13459
13464
12518
13695
13702
13705
13708
13721
12043
13734
13746
13041
13775
13800
13801
13804
13815
13822
13861
12261
13895
13902
13917
13928
13959
13206
12013
12074
12109
12135
12147
12271
12285
12289
12303
12344
12415
12586
12611
12619
12676
12701
12725
12728
12763
12781
12886
12847
12867
12931
13027
13129
13154
13311
13405
13414
13524
13527
13620
13642
13720
13744
13751
13856
13880
13890
13937
13664
12023
12164
12353
12439
12480
12498
12259
12630
12804
12791
13093
13108
13196
13171
12602
13797
13944
13421
13454
13806
13996
12140
